0.455860839981, 0.0, 0.244449566036, -0.706429751256, 0.707779721335, 0.00171413333072, -0.00139081087965, 0.455860142995, -0.000803062008673, 0.24445009981, -0.706428897523, 0.707780569445, 0.00171525469904, -0.00139145997033, 1703893713587536096, 0
0.455860839981, 0.00625, 0.244449566036, -0.706429751256, 0.707779721335, 0.00171413333072, -0.00139081087965, 0.455860424517, -0.000802173716934, 0.244449937525, -0.706430682676, 0.707778786244, 0.00171542202972, -0.00139199306966, 1703893713637665987, 0
0.455860839981, 0.0125, 0.244449566036, -0.706429751256, 0.707779721335, 0.00171413333072, -0.00139081087965, 0.455859243227, -0.000802603414673, 0.244449880696, -0.706428121494, 0.707781342284, 0.00171597769101, -0.00139143716799, 1703893713687951087, 0
0.455860839981, 0.01875, 0.244449566036, -0.706429751256, 0.707779721335, 0.00171413333072, -0.00139081087965, 0.455860213534, -0.000799218922314, 0.244450839083, -0.70642848076, 0.707780986502, 0.00171718398964, -0.00138852282342, 1703893713738264083, 0
0.455860839981, 0.025, 0.244449566036, -0.706429751256, 0.707779721335, 0.00171413333072, -0.00139081087965, 0.455859106948, -0.000789757409648, 0.244450685542, -0.706432029351, 0.707777441314, 0.00172009034367, -0.00138663720656, 1703893713788485050, 0
0.455860839981, 0.025, 0.244449566036, -0.706429751256, 0.707779721335, 0.00171413333072, -0.00139081087965, 0.455857523219, -0.000276384135968, 0.2444468206, -0.706516640833, 0.707692778606, 0.00195642282362, -0.00115747355444, 1703893713838762998, 0
0.455860839981, 0.0125, 0.244449566036, -0.706429751256, 0.707779721335, 0.00171413333072, -0.00139081087965, 0.455854164837, 0.00074020295603, 0.244445769456, -0.706751051605, 0.707458019793, 0.00234584007484, -0.000773511195198, 1703893713889015913, 0
0.455860839981, 0.0, 0.244449566036, -0.706429751256, 0.707779721335, 0.00171413333072, -0.00139081087965, 0.455855245251, 0.00100115580892, 0.244446783275, -0.706815032387, 0.707393873073, 0.00244170325773, -0.000675584736718, 1703893713939291954, 0
0.455860839981, -0.0125, 0.244449566036, -0.706429751256, 0.707779721335, 0.00171413333072, -0.00139081087965, 0.45584984996, 0.00312494364813, 0.244448274581, 0.707683494285, -0.706523843309, -0.00283739795904, 0.000282711420529, 1703893713989634037, 0
0.455860839981, -0.025, 0.244449566036, -0.706429751256, 0.707779721335, 0.00171413333072, -0.00139081087965, 0.455843602375, 0.00358532474294, 0.24444441824, 0.708031065584, -0.706175813264, -0.00275535708704, 0.000372741901748, 1703893714039917945, 0
0.455860839981, -0.025, 0.244449566036, -0.706429751256, 0.707779721335, 0.00171413333072, -0.00139081087965, 0.455843145694, 0.00361112755671, 0.244444283706, 0.708084040057, -0.706122835162, -0.00271318641423, 0.000415330955445, 1703893714089984893, 0
0.455860839981, -0.01875, 0.244449566036, -0.706429751256, 0.707779721335, 0.00171413333072, -0.00139081087965, 0.455844207329, 0.00312841275752, 0.244441402739, 0.707944695217, -0.706263047909, -0.00254355919324, 0.000588200396038, 1703893714140353918, 0
0.455860839981, -0.0125, 0.244449566036, -0.706429751256, 0.707779721335, 0.00171413333072, -0.00139081087965, 0.455852102947, 0.00212552488867, 0.244447478842, 0.70760387395, -0.706605249623, -0.00223573150886, 0.000883334853107, 1703893714190624952, 0
0.455860839981, -0.00625, 0.244449566036, -0.706429751256, 0.707779721335, 0.00171413333072, -0.00139081087965, 0.455849225171, 0.000153282792493, 0.244440531779, -0.707044110384, 0.707165864482, 0.0018526524023, -0.00127818701879, 1703893714240808010, 0
0.455860839981, 0.0, 0.244449566036, -0.706429751256, 0.707779721335, 0.00171413333072, -0.00139081087965, 0.455846168094, -0.00218274285143, 0.244443615453, -0.706269341816, 0.707939737093, 0.00173851769438, -0.00138672712115, 1703893714291110038, 0
0.455860839981, 0.0, 0.244449566036, -0.706429751256, 0.707779721335, 0.00171413333072, -0.00139081087965, 0.4558386812, -0.00337321996064, 0.244443615173, -0.705761660703, 0.708445688395, 0.00195477674401, -0.00116778579017, 1703893714341490983, 0
0.455860839981, 0.00625, 0.244449566036, -0.706429751256, 0.707779721335, 0.00171413333072, -0.00139081087965, 0.455830684672, -0.0043486884351, 0.244441467896, -0.705259132195, 0.708945594081, 0.00220575742778, -0.000914178816838, 1703893714393148899, 0
0.455860839981, 0.0125, 0.244449566036, -0.706429751256, 0.707779721335, 0.00171413333072, -0.00139081087965, 0.455818319203, -0.00530080292286, 0.244438856699, -0.704589699455, 0.709610377141, 0.00245410822102, -0.000667404922546, 1703893714443416118, 0
0.455860839981, 0.01875, 0.244449566036, -0.706429751256, 0.707779721335, 0.00171413333072, -0.00139081087965, 0.455817920953, -0.00524035180042, 0.244436516186, -0.704612757352, 0.709587437354, 0.00247025708446, -0.000654794740933, 1703893714493613004, 0
0.455860839981, 0.025, 0.244449566036, -0.706429751256, 0.707779721335, 0.00171413333072, -0.00139081087965, 0.455824875262, -0.00484012772015, 0.244440584801, -0.704745130142, 0.709455674411, 0.00258035667467, -0.00053790924981, 1703893714543940067, 0
0.455860839981, 0.025, 0.244449566036, -0.706429751256, 0.707779721335, 0.00171413333072, -0.00139081087965, 0.45583522, -0.00366641963031, 0.244442315901, -0.705079960135, 0.709121790434, 0.00291463670804, -0.000202587270982, 1703893714594230890, 0
0.455860839981, 0.0125, 0.244449566036, -0.706429751256, 0.707779721335, 0.00171413333072, -0.00139081087965, 0.455841128577, -0.00268768462207, 0.244442324358, -0.705307579889, 0.708894347994, 0.00316526765261, 4.70497645502e-05, 1703893714644454002, 0
0.455860839981, 0.0, 0.244449566036, -0.706429751256, 0.707779721335, 0.00171413333072, -0.00139081087965, 0.455850941473, -0.00110531183101, 0.2444467984, -0.705745025965, 0.708457110262, 0.00351069001273, 0.000395349147054, 1703893714694739103, 0
0.455860839981, -0.0125, 0.244449566036, -0.706429751256, 0.707779721335, 0.00171413333072, -0.00139081087965, 0.455852076604, 0.00090825388516, 0.244447711865, -0.706362622754, 0.707840300222, 0.0036924120832, 0.000566260806055, 1703893714745064020, 0
0.455860839981, -0.025, 0.244449566036, -0.706429751256, 0.707779721335, 0.00171413333072, -0.00139081087965, 0.455845645659, 0.00267370009053, 0.244445894748, -0.70697387221, 0.707231228983, 0.00344100460108, 0.000303728738011, 1703893714795284032, 0
0.455860839981, -0.025, 0.244449566036, -0.706429751256, 0.707779721335, 0.00171413333072, -0.00139081087965, 0.45584206767, 0.00304987864973, 0.244444197616, 0.707201672563, -0.707003977858, -0.00333636178832, -0.000195719082689, 1703893714845364093, 0
0.455860839981, -0.01875, 0.244449566036, -0.706429751256, 0.707779721335, 0.00171413333072, -0.00139081087965, 0.455843020407, 0.00282806774128, 0.244443985065, 0.707219193445, -0.70698723147, -0.0031726826281, -3.23436277474e-05, 1703893714895622968, 0
0.455860839981, -0.0125, 0.244449566036, -0.706429751256, 0.707779721335, 0.00171413333072, -0.00139081087965, 0.455844756849, 0.00150919055402, 0.244440434385, -0.706883696681, 0.707324305342, 0.00276069296318, -0.000380806104653, 1703893714945868968, 0
0.455860839981, -0.00625, 0.244449566036, -0.706429751256, 0.707779721335, 0.00171413333072, -0.00139081087965, 0.455844883365, -0.000785534937071, 0.244441487202, -0.706265775632, 0.707942456541, 0.00234732966194, -0.000788949828687, 1703893714996166944, 0
0.455860839981, 0.0, 0.244449566036, -0.706429751256, 0.707779721335, 0.00171413333072, -0.00139081087965, 0.455838830072, -0.00230012000836, 0.244438988652, -0.705817622599, 0.708389587378, 0.0021827485704, -0.00095484647903, 1703893715046435117, 0
0.455860839981, 0.0, 0.244449566036, -0.706429751256, 0.707779721335, 0.00171413333072, -0.00139081087965, 0.455829354421, -0.00361414152222, 0.244439166309, -0.705333815251, 0.708871135584, 0.00227690938083, -0.000859001290442, 1703893715096709966, 0
0.455860839981, 0.00625, 0.244449566036, -0.706429751256, 0.707779721335, 0.00171413333072, -0.00139081087965, 0.455820093156, -0.00461226651155, 0.244437724972, -0.704828860805, 0.709372637818, 0.00252278150405, -0.000610954302777, 1703893715147015094, 0
0.455860839981, 0.0125, 0.244449566036, -0.706429751256, 0.707779721335, 0.00171413333072, -0.00139081087965, 0.455807385727, -0.00555879833174, 0.244434152255, -0.704179688572, 0.710016303734, 0.00277218506342, -0.00036003473654, 1703893715197274923, 0
0.455860839981, 0.01875, 0.244449566036, -0.706429751256, 0.707779721335, 0.00171413333072, -0.00139081087965, 0.455810559868, -0.00544120000338, 0.244434649725, -0.704233086295, 0.709963270251, 0.00279302770896, -0.000337726372891, 1703893715247601032, 0
0.455860839981, 0.025, 0.244449566036, -0.706429751256, 0.707779721335, 0.00171413333072, -0.00139081087965, 0.455812692528, -0.00497287296968, 0.244432116072, -0.70437350201, 0.709823366047, 0.00295386413737, -0.00018266718353, 1703893715298666000, 0
0.455860839981, 0.025, 0.244449566036, -0.706429751256, 0.707779721335, 0.00171413333072, -0.00139081087965, 0.45582380469, -0.00397592795382, 0.244436337475, -0.70469077747, 0.709507174956, 0.00323505661611, 0.000106029189031, 1703893715348892927, 0
0.455860839981, 0.0125, 0.244449566036, -0.706429751256, 0.707779721335, 0.00171413333072, -0.00139081087965, 0.455836855323, -0.00266709225262, 0.244440863028, -0.70505293857, 0.709145630422, 0.00355573492342, 0.000430599210663, 1703893715399609088, 0
0.455860839981, 0.0, 0.244449566036, -0.706429751256, 0.707779721335, 0.00171413333072, -0.00139081087965, 0.455845420518, -0.00101556430542, 0.244446299635, -0.705483686884, 0.708715053561, 0.00389269297616, 0.000766379489066, 1703893715449877023, 0
0.455860839981, -0.0125, 0.244449566036, -0.706429751256, 0.707779721335, 0.00171413333072, -0.00139081087965, 0.455847753743, 0.000650593587849, 0.244446590385, -0.705977854621, 0.708221748375, 0.00404824171716, 0.000914140750447, 1703893715500257968, 0
0.455860839981, -0.025, 0.244449566036, -0.706429751256, 0.707779721335, 0.00171413333072, -0.00139081087965, 0.455843616109, 0.00199241926598, 0.244443286245, -0.706474445903, 0.707727502923, 0.00388520122967, 0.00073763325006, 1703893715550374031, 0
0.455860839981, -0.025, 0.244449566036, -0.706429751256, 0.707779721335, 0.00171413333072, -0.00139081087965, 0.455838560406, 0.00289486827608, 0.244442070499, -0.706874088535, 0.707329781909, 0.00365399009159, 0.000500937898029, 1703893715600666999, 0
0.455860839981, -0.01875, 0.247897841898, -0.706429751256, 0.707779721335, 0.00171413333072, -0.00139081087965, 0.455834808794, 0.00290964157624, 0.244437107731, -0.70699630671, 0.707208414866, 0.00351493523567, 0.000354219345431, 1703893715650974988, 0
0.455860839981, -0.0125, 0.25134611776, -0.706429751256, 0.707779721335, 0.00171413333072, -0.00139081087965, 0.455838540481, 0.0018232750674, 0.244436810198, -0.706757201775, 0.707449359699, 0.00310786313674, -4.88649670538e-05, 1703893715701350927, 0
0.455860839981, -0.00625, 0.254794393622, -0.706429751256, 0.707779721335, 0.00171413333072, -0.00139081087965, 0.455839638208, -0.000328319236924, 0.244437404166, -0.706201500564, 0.708005739619, 0.00265942214269, -0.00049065359356, 1703893715751529932, 0
0.455860839981, 0.0, 0.258242669484, -0.706429751256, 0.707779721335, 0.00171413333072, -0.00139081087965, 0.455838675042, -0.00190431921603, 0.244441147924, -0.705762688607, 0.708443858712, 0.00240461900892, -0.000737720364218, 1703893715801728963, 0
0.455860839981, 0.0, 0.261690945346, -0.706429751256, 0.707779721335, 0.00171413333072, -0.00139081087965, 0.45583399988, -0.00330850485957, 0.244442460999, -0.705244084909, 0.708960127709, 0.00240491626343, -0.000731024444036, 1703893715851880073, 0
0.455860839981, 0.00625, 0.265139221208, -0.706429751256, 0.707779721335, 0.00171413333072, -0.00139081087965, 0.455849020964, -0.00532309136216, 0.24448059548, -0.704249996947, 0.709946543975, 0.00278686290962, -0.00028265479282, 1703893715902077913, 0
0.455860839981, 0.0125, 0.26858749707, -0.706429751256, 0.707779721335, 0.00171413333072, -0.00139081087965, 0.455887058656, -0.00550004738034, 0.244526318638, -0.704107593918, 0.710087766814, 0.00279612654062, -0.000203186150139, 1703893715952435016, 0
0.455860839981, 0.01875, 0.272035772932, -0.706429751256, 0.707779721335, 0.00171413333072, -0.00139081087965, 0.456240861651, -0.00545433762691, 0.244961170801, -0.704112906916, 0.710083609486, 0.00250154076028, 0.000155392429863, 1703893716002641916, 0
0.455860839981, 0.025, 0.275484048794, -0.706429751256, 0.707779721335, 0.00171413333072, -0.00139081087965, 0.456620062421, -0.00509827549216, 0.245437655839, -0.704262692496, 0.709935724212, 0.00223076330621, 0.000592572112587, 1703893716052812099, 0
0.455860839981, 0.025, 0.278932324656, -0.706429751256, 0.707779721335, 0.00171413333072, -0.00139081087965, 0.457078332908, -0.00437288439665, 0.246065685829, -0.704492315503, 0.709707653275, 0.00202020318369, 0.00124219961978, 1703893716103013992, 0
0.455860839981, 0.0125, 0.282380600518, -0.706429751256, 0.707779721335, 0.00171413333072, -0.00139081087965, 0.457631353855, -0.00308857781859, 0.24693317188, -0.704877756706, 0.709323407036, 0.00173463937661, 0.0021548454131, 1703893716153378963, 0
0.455860839981, 0.0, 0.285828876381, -0.706429751256, 0.707779721335, 0.00171413333072, -0.00139081087965, 0.458141136419, -0.000564472341134, 0.24843257391, -0.705549913173, 0.708649923377, 0.00133535002173, 0.00358091611044, 1703893716203603029, 0
0.455860839981, -0.0125, 0.289277152243, -0.706429751256, 0.707779721335, 0.00171413333072, -0.00139081087965, 0.458290341609, 0.00106086586234, 0.249589490772, -0.706046558838, 0.708151276338, 0.000771103440625, 0.00440817119213, 1703893716253978967, 0
0.455860839981, -0.025, 0.292725428105, -0.706429751256, 0.707779721335, 0.00171413333072, -0.00139081087965, 0.458306345716, 0.00234214608636, 0.250961539456, -0.7065091669, 0.707686046073, -0.000217119187273, 0.00502096992535, 1703893716304317951, 0
0.455860839981, -0.025, 0.296173703967, -0.706429751256, 0.707779721335, 0.00171413333072, -0.00139081087965, 0.458254716617, 0.00309668547238, 0.252669310115, -0.706850667002, 0.707337652393, -0.00140339726762, 0.00579746004075, 1703893716354516983, 0
0.455860839981, -0.01875, 0.299621979829, -0.706429751256, 0.707779721335, 0.00171413333072, -0.00139081087965, 0.458178583497, 0.00303737369215, 0.254579574051, -0.706945397308, 0.707231082516, -0.00266869266251, 0.00672898408439, 1703893716404757022, 0
0.455860839981, -0.0125, 0.303070255691, -0.706429751256, 0.707779721335, 0.00171413333072, -0.00139081087965, 0.458161549614, 0.00213208678918, 0.256625927241, -0.706733463766, 0.707426515007, -0.00421297683039, 0.00760183429929, 1703893716455022096, 0
0.455860839981, -0.00625, 0.306518531553, -0.706429751256, 0.707779721335, 0.00171413333072, -0.00139081087965, 0.458108005306, 0.000761537910346, 0.258902636192, -0.70636667254, 0.70777120567, -0.0057878784548, 0.00851732423766, 1703893716505292892, 0
0.455860839981, 0.0, 0.309966807415, -0.706429751256, 0.707779721335, 0.00171413333072, -0.00139081087965, 0.457705389207, -0.00287203921422, 0.264711320719, -0.705260165045, 0.708802092419, -0.00929284756105, 0.0110152788082, 1703893716555560111, 0
0.455860839981, 0.0, 0.313415083277, -0.706429751256, 0.707779721335, 0.00171413333072, -0.00139081087965, 0.457368828628, -0.00413342708832, 0.267185802046, -0.704763719593, 0.709257784567, -0.0104318598112, 0.0123560057318, 1703893716605834960, 0
0.455860839981, 0.00625, 0.316863359139, -0.706429751256, 0.707779721335, 0.00171413333072, -0.00139081087965, 0.45719710838, -0.00509658497264, 0.270035524642, -0.704237069889, 0.709725599552, -0.0117535515809, 0.0141977730819, 1703893716656126022, 0
0.455860839981, 0.0125, 0.320311635001, -0.706429751256, 0.707779721335, 0.00171413333072, -0.00139081087965, 0.457015415393, -0.00556306439057, 0.272755548931, -0.703864777151, 0.710038999081, -0.0130496197983, 0.0157703105083, 1703893716706469058, 0
0.455860839981, 0.01875, 0.323759910863, -0.706429751256, 0.707779721335, 0.00171413333072, -0.00139081087965, 0.456606379119, -0.00559342037517, 0.276328883496, -0.703789388033, 0.710037977458, -0.0147690927466, 0.0175625100521, 1703893716756740093, 0
0.455860839981, 0.025, 0.327208186725, -0.706429751256, 0.707779721335, 0.00171413333072, -0.00139081087965, 0.455948161508, -0.00514107893961, 0.280507273314, -0.703960184386, 0.709777258283, -0.0165782595578, 0.0195310965702, 1703893716807002067, 0
0.455860839981, 0.025, 0.330656462587, -0.706429751256, 0.707779721335, 0.00171413333072, -0.00139081087965, 0.455494412269, -0.00446225193373, 0.283514308999, -0.704181016517, 0.709494896821, -0.0175804138632, 0.0209049374719, 1703893716857254028, 0
0.455860839981, 0.0125, 0.33410473845, -0.706429751256, 0.707779721335, 0.00171413333072, -0.00139081087965, 0.45503260552, -0.00337067693378, 0.286887790271, -0.704468249551, 0.709142750047, -0.0184892259661, 0.0223426487637, 1703893716907583951, 0
0.455860839981, 0.0, 0.337553014312, -0.706429751256, 0.707779721335, 0.00171413333072, -0.00139081087965, 0.454563341714, -0.00188200152821, 0.290306365702, -0.704847505881, 0.708696919701, -0.0193139280939, 0.0237832218475, 1703893716957815885, 0
0.455860839981, -0.0125, 0.341001290174, -0.706429751256, 0.707779721335, 0.00171413333072, -0.00139081087965, 0.454004653832, 0.00022516259809, 0.294115426932, -0.705399205894, 0.708053366844, -0.0204742881466, 0.0255576514855, 1703893717008099079, 0
0.455860839981, -0.025, 0.344449566036, -0.706429751256, 0.707779721335, 0.00171413333072, -0.00139081087965, 0.453584591216, 0.00234485519892, 0.298391564033, -0.706045539357, 0.707272955703, -0.0227244276154, 0.0273543940682, 1703893717058434963, 0
0.455860839981, -0.025, 0.344449566036, -0.706429751256, 0.707779721335, 0.00171413333072, -0.00139081087965, 0.453377687485, 0.00295781863146, 0.300356302416, -0.706246155454, 0.707005935589, -0.023852449756, 0.0281075717349, 1703893717108675956, 0
0.455860839981, -0.01875, 0.341001290174, -0.706429751256, 0.707779721335, 0.00171413333072, -0.00139081087965, 0.453247078658, 0.00306242592724, 0.303827983393, -0.706395742962, 0.706709849751, -0.0260554841488, 0.0297884933437, 1703893717159068107, 0
0.455860839981, -0.0125, 0.337553014312, -0.706429751256, 0.707779721335, 0.00171413333072, -0.00139081087965, 0.453046250822, 0.00166887596254, 0.307396365962, -0.705989846376, 0.706957073744, -0.0285583587764, 0.031216227223, 1703893717209299087, 0
0.455860839981, -0.00625, 0.33410473845, -0.706429751256, 0.707779721335, 0.00171413333072, -0.00139081087965, 0.452960228032, 7.84241546059e-05, 0.310065138633, -0.705503900156, 0.707327058588, -0.0302195760282, 0.0322405998312, 1703893717259565114, 0
0.455860839981, 0.0, 0.330656462587, -0.706429751256, 0.707779721335, 0.00171413333072, -0.00139081087965, 0.452791446021, -0.00148596167065, 0.312370041122, -0.705048195787, 0.707696832528, -0.031450936927, 0.0329100807426, 1703893717309648990, 0
0.455860839981, 0.0, 0.327208186725, -0.706429751256, 0.707779721335, 0.00171413333072, -0.00139081087965, 0.452461059233, -0.00404238659231, 0.315763354515, -0.704007406165, 0.70859016277, -0.0328447908921, 0.0345654886087, 1703893717359994888, 0
0.455860839981, 0.00625, 0.323759910863, -0.706429751256, 0.707779721335, 0.00171413333072, -0.00139081087965, 0.452377293467, -0.00473828293464, 0.316688367534, -0.703583594461, 0.708954708228, -0.0331995619834, 0.0353714061125, 1703893717410226106, 0
0.455860839981, 0.0125, 0.320311635001, -0.706429751256, 0.707779721335, 0.00171413333072, -0.00139081087965, 0.452299116748, -0.00513725051993, 0.317404535143, -0.703257068779, 0.709231757329, -0.0335424640816, 0.0359821165526, 1703893717460650920, 0
0.455860839981, 0.01875, 0.316863359139, -0.706429751256, 0.707779721335, 0.00171413333072, -0.00139081087965, 0.452305870058, -0.00503339419044, 0.317615172108, -0.703309343399, 0.709163848832, -0.0336978792033, 0.036153228557, 1703893717510740995, 0
0.455860839981, 0.025, 0.313415083277, -0.706429751256, 0.707779721335, 0.00171413333072, -0.00139081087965, 0.452280536966, -0.00459237914804, 0.317535782629, -0.703511497397, 0.708968897552, -0.0335476708825, 0.0361832711717, 1703893717561033964, 0
0.455860839981, 0.025, 0.309966807415, -0.706429751256, 0.707779721335, 0.00171413333072, -0.00139081087965, 0.452200217415, -0.00393309365376, 0.317405329161, -0.703759331273, 0.708731072433, -0.0332908961832, 0.0362599895939, 1703893717611372947, 0
0.455860839981, 0.0125, 0.306518531553, -0.706429751256, 0.707779721335, 0.00171413333072, -0.00139081087965, 0.451971689971, -0.00287178667698, 0.317038997698, -0.704109982043, 0.70840658303, -0.0328031996838, 0.0362380517954, 1703893717661776065, 0
0.455860839981, 0.0, 0.303070255691, -0.706429751256, 0.707779721335, 0.00171413333072, -0.00139081087965, 0.451593740689, -0.00189035252457, 0.316402041328, -0.704541185378, 0.708021134438, -0.0323883376031, 0.0357601298076, 1703893717712089061, 0
0.455860839981, -0.0125, 0.299621979829, -0.706429751256, 0.707779721335, 0.00171413333072, -0.00139081087965, 0.451107119082, -0.00105580043413, 0.31547329546, -0.705064221261, 0.707564476558, -0.0319834206432, 0.0348427354726, 1703893717762219905, 0
0.455860839981, -0.025, 0.296173703967, -0.706429751256, 0.707779721335, 0.00171413333072, -0.00139081087965, 0.450602182233, -0.000571163234984, 0.314239056622, -0.705470646265, 0.707243546656, -0.0312489924925, 0.0337821467503, 1703893717812458992, 0
0.455860839981, -0.025, 0.292725428105, -0.706429751256, 0.707779721335, 0.00171413333072, -0.00139081087965, 0.450350083034, -0.000516056289868, 0.313492477161, -0.705543959499, 0.70722082075, -0.0307168060526, 0.0332100848936, 1703893717862747907, 0
0.455860839981, -0.01875, 0.289277152243, -0.706429751256, 0.707779721335, 0.00171413333072, -0.00139081087965, 0.449995104172, -0.000552723255891, 0.312138318489, -0.705564782657, 0.707290292369, -0.0297009374236, 0.0321968028149, 1703893717913024902, 0
0.455860839981, -0.0125, 0.285828876381, -0.706429751256, 0.707779721335, 0.00171413333072, -0.00139081087965, 0.44968420161, -0.000556722143673, 0.310157667986, -0.705627956897, 0.707355612854, -0.028197072287, 0.0306944380002, 1703893717963293075, 0
0.455860839981, -0.00625, 0.282380600518, -0.706429751256, 0.707779721335, 0.00171413333072, -0.00139081087965, 0.44955357691, -0.000569987023341, 0.308534123791, -0.705669313996, 0.707412275161, -0.0269957966711, 0.0294943926628, 1703893718013618946, 0
0.455860839981, 0.0, 0.278932324656, -0.706429751256, 0.707779721335, 0.00171413333072, -0.00139081087965, 0.44956090277, -0.000575123942315, 0.306717687189, -0.705711862464, 0.707468985344, -0.0257232004115, 0.0282262097237, 1703893718063873052, 0
0.455860839981, 0.0, 0.275484048794, -0.706429751256, 0.707779721335, 0.00171413333072, -0.00139081087965, 0.449603854304, -0.000584798541366, 0.30461192507, -0.705756545546, 0.70753383001, -0.024245613732, 0.0267530937297, 1703893718114145994, 0
0.455860839981, 0.00625, 0.272035772932, -0.706429751256, 0.707779721335, 0.00171413333072, -0.00139081087965, 0.449821186287, -0.000600851991468, 0.302165448489, -0.705796931582, 0.707603014272, -0.022671719313, 0.0251924335056, 1703893718164448022, 0
0.455860839981, 0.0125, 0.26858749707, -0.706429751256, 0.707779721335, 0.00171413333072, -0.00139081087965, 0.450072901845, -0.00064558914661, 0.297038768869, -0.705860147381, 0.707752771247, -0.0192672099409, 0.0218229638752, 1703893718214735031, 0
0.455860839981, 0.01875, 0.265139221208, -0.706429751256, 0.707779721335, 0.00171413333072, -0.00139081087965, 0.450185908402, -0.000668051266202, 0.294484960889, -0.705888064361, 0.707821224957, -0.0175261251069, 0.0200994783939, 1703893718265039920, 0
0.455860839981, 0.025, 0.261690945346, -0.706429751256, 0.707779721335, 0.00171413333072, -0.00139081087965, 0.450273255285, -0.00069159900887, 0.291861935612, -0.705911531634, 0.707887560213, -0.0157464177275, 0.0183347192511, 1703893718315263986, 0
0.455860839981, 0.025, 0.258242669484, -0.706429751256, 0.707779721335, 0.00171413333072, -0.00139081087965, 0.450478536786, -0.000747435112566, 0.288628644721, -0.705909180282, 0.707982375228, -0.0136843703167, 0.0163071630907, 1703893718365561962, 0
0.455860839981, 0.0125, 0.254794393622, -0.706429751256, 0.707779721335, 0.00171413333072, -0.00139081087965, 0.450669763002, -0.000822591999483, 0.284853640892, -0.705891606814, 0.708090771112, -0.0113332625273, 0.0140020161682, 1703893718415815114, 0
0.455860839981, 0.0, 0.25134611776, -0.706429751256, 0.707779721335, 0.00171413333072, -0.00139081087965, 0.450794582714, -0.000853412135978, 0.282471036504, -0.705887724748, 0.708143019083, -0.00988918909729, 0.0125773015054, 1703893718466135025, 0
0.455860839981, -0.0125, 0.247897841898, -0.706429751256, 0.707779721335, 0.00171413333072, -0.00139081087965, 0.45098712012, -0.0008781977344, 0.279886776175, -0.705883846959, 0.708189807676, -0.0084336561031, 0.0111384177839, 1703893718516366004, 0
0.455860839981, -0.025, 0.244449566036, -0.706429751256, 0.707779721335, 0.00171413333072, -0.00139081087965, 0.451211337106, -0.000900227951413, 0.277342124181, -0.705879929583, 0.70822799142, -0.00709580034263, 0.00981258373865, 1703893718566636085, 0
0.455860839981, -0.025, 0.244449566036, -0.706429751256, 0.707779721335, 0.00171413333072, -0.00139081087965, 0.451385658473, -0.000919056077579, 0.274508049916, -0.705876805838, 0.708263482088, -0.0056023468658, 0.00832998381944, 1703893718616941928, 0
0.455860839981, -0.01875, 0.244449566036, -0.706429751256, 0.707779721335, 0.00171413333072, -0.00139081087965, 0.451850876679, -0.00096102756585, 0.268744690502, -0.705859352998, 0.708325764345, -0.00271579576894, 0.00545983545306, 1703893718667218923, 0
0.455860839981, -0.0125, 0.244449566036, -0.706429751256, 0.707779721335, 0.00171413333072, -0.00139081087965, 0.451986234233, -0.000971768706958, 0.267369179247, -0.705856155668, 0.708335791328, -0.00207031539059, 0.00481747074985, 1703893718717480897, 0
0.455860839981, -0.00625, 0.244449566036, -0.706429751256, 0.707779721335, 0.00171413333072, -0.00139081087965, 0.452204408622, -0.00102031018715, 0.264760558865, -0.705817866528, 0.708383893854, -0.00079970945405, 0.00357192990843, 1703893718767838954, 0
0.455860839981, 0.0, 0.244449566036, -0.706429751256, 0.707779721335, 0.00171413333072, -0.00139081087965, 0.452612566221, -0.00111732386535, 0.260503458137, -0.705738081021, 0.708470025994, 0.00147084035956, 0.00134903408635, 1703893718817909955, 0
0.455860839981, 0.0, 0.244449566036, -0.706429751256, 0.707779721335, 0.00171413333072, -0.00139081087965, 0.45274155224, -0.00115874126476, 0.258192499405, -0.705696845078, 0.708508233931, 0.00283641522852, 6.91642577384e-06, 1703893718868269920, 0
0.455860839981, 0.00625, 0.244449566036, -0.706429751256, 0.707779721335, 0.00171413333072, -0.00139081087965, 0.452796391052, -0.00119339019459, 0.256071011141, -0.705663611555, 0.708533813485, 0.00413385201732, -0.00127033203254, 1703893718918606042, 0
0.455860839981, 0.0125, 0.244449566036, -0.706429751256, 0.707779721335, 0.00171413333072, -0.00139081087965, 0.452810908984, -0.00120104418266, 0.255652540967, -0.705653616231, 0.708541752438, 0.00438776391939, -0.00151870995727, 1703893718968847990, 0
0.455860839981, 0.01875, 0.244449566036, -0.706429751256, 0.707779721335, 0.00171413333072, -0.00139081087965, 0.452694431001, -0.00122139489868, 0.253280724772, -0.70562551929, 0.708552910343, 0.00598259511713, -0.0030997301686, 1703893719019143104, 0
0.455860839981, 0.025, 0.244449566036, -0.706429751256, 0.707779721335, 0.00171413333072, -0.00139081087965, 0.45254933537, -0.00122123069499, 0.252443924322, -0.705618571928, 0.708550849888, 0.00663569076556, -0.00375388898625, 1703893719069412946, 0
0.455860839981, 0.025, 0.244449566036, -0.706429751256, 0.707779721335, 0.00171413333072, -0.00139081087965, 0.45245139335, -0.00122283960323, 0.251905586667, -0.705612019116, 0.708550948422, 0.00705833914978, -0.00417274707241, 1703893719119743108, 0
0.455860839981, 0.0125, 0.244449566036, -0.706429751256, 0.707779721335, 0.00171413333072, -0.00139081087965, 0.452394963079, -0.00122697383824, 0.251609023373, -0.705607612471, 0.708551551071, 0.0072930832512, -0.0044054097886, 1703893719169986963, 0
0.455860839981, 0.0, 0.244449566036, -0.706429751256, 0.707779721335, 0.00171413333072, -0.00139081087965, 0.452343115302, -0.00122700923921, 0.25138148409, -0.705602618484, 0.708553498863, 0.00747445510227, -0.00458438186348, 1703893719220340013, 0
0.455860839981, -0.0125, 0.244449566036, -0.706429751256, 0.707779721335, 0.00171413333072, -0.00139081087965, 0.452298133749, -0.00122915713164, 0.25119303018, -0.705601619574, 0.708551944359, 0.00762272159912, -0.0047318828657, 1703893719270641088, 0
0.455860839981, -0.025, 0.244449566036, -0.706429751256, 0.707779721335, 0.00171413333072, -0.00139081087965, 0.45226894838, -0.00122907712961, 0.251058492025, -0.70560097845, 0.708550752553, 0.00772738697163, -0.00483505513966, 1703893719320858001, 0
0.455860839981, -0.025, 0.244449566036, -0.706429751256, 0.707779721335, 0.00171413333072, -0.00139081087965, 0.452233434907, -0.00122963954997, 0.250928979217, -0.705597667532, 0.70855223412, 0.00782941058162, -0.00493593216838, 1703893719370997905, 0
0.455860839981, -0.01875, 0.244449566036, -0.706429751256, 0.707779721335, 0.00171413333072, -0.00139081087965, 0.452186531714, -0.001228320188, 0.25077775699, -0.705598481468, 0.708549265848, 0.00794833254857, -0.00505418892894, 1703893719421288967, 0
0.455860839981, -0.0125, 0.244449566036, -0.706429751256, 0.707779721335, 0.00171413333072, -0.00139081087965, 0.45209784511, -0.00122927479082, 0.250388980596, -0.705592095319, 0.708549929094, 0.00825195715179, -0.00535707077272, 1703893719471302986, 0
0.455860839981, -0.00625, 0.244449566036, -0.706429751256, 0.707779721335, 0.00171413333072, -0.00139081087965, 0.452066271914, -0.00123015030172, 0.25021780455, -0.705589379263, 0.708550042911, 0.00838616311521, -0.00548970228769, 1703893719521600008, 0
0.455860839981, 0.0, 0.244449566036, -0.706429751256, 0.707779721335, 0.00171413333072, -0.00139081087965, 0.452051848639, -0.00122882874842, 0.250149081547, -0.705589344612, 0.708549013163, 0.00844039157575, -0.00554369060348, 1703893719571950912, 0
0.455860839981, 0.0, 0.244449566036, -0.706429751256, 0.707779721335, 0.00171413333072, -0.00139081087965, 0.452000584236, -0.00122861431487, 0.249878423794, -0.70558744826, 0.708546650681, 0.00865288970234, -0.0057553597578, 1703893719622143983, 0
0.455860839981, 0.00625, 0.244449566036, -0.706429751256, 0.707779721335, 0.00171413333072, -0.00139081087965, 0.451974631419, -0.00122816772793, 0.249748979854, -0.705589276278, 0.70854277281, 0.00875244559071, -0.00585721742398, 1703893719672235012, 0
0.455860839981, 0.0125, 0.244449566036, -0.706429751256, 0.707779721335, 0.00171413333072, -0.00139081087965, 0.451957379366, -0.00122953976945, 0.249681314602, -0.705584780517, 0.708546130795, 0.00880689436125, -0.00591072327332, 1703893719722482919, 0
0.455860839981, 0.01875, 0.244449566036, -0.706429751256, 0.707779721335, 0.00171413333072, -0.00139081087965, 0.45194298886, -0.00122979576439, 0.249624753259, -0.70558377203, 0.708546206838, 0.00885260857989, -0.00595354900357, 1703893719772799015, 0
0.455860839981, 0.025, 0.244449566036, -0.706429751256, 0.707779721335, 0.00171413333072, -0.00139081087965, 0.451935704751, -0.00122974322986, 0.249595803733, -0.7055836988, 0.708545807912, 0.00887531281375, -0.00597585981557, 1703893719823133945, 0
0.455860839981, 0.025, 0.244449566036, -0.706429751256, 0.707779721335, 0.00171413333072, -0.00139081087965, 0.451929332568, -0.00122904632171, 0.249574421998, -0.705583569007, 0.708545585841, 0.00889114237689, -0.00599395693108, 1703893719873363971, 0
0.455860839981, 0.0125, 0.244449566036, -0.706429751256, 0.707779721335, 0.00171413333072, -0.00139081087965, 0.451925371027, -0.00123161010832, 0.249561707879, -0.705582153184, 0.708546783707, 0.00890209594584, -0.00600275720131, 1703893719923588037, 0
0.455860839981, 0.0, 0.244449566036, -0.706429751256, 0.707779721335, 0.00171413333072, -0.00139081087965, 0.45192213992, -0.00123013389791, 0.249548618101, -0.705584643597, 0.708544099578, 0.00891144839, -0.0060129660736, 1703893719973689079, 0
0.455860839981, -0.0125, 0.244449566036, -0.706429751256, 0.707779721335, 0.00171413333072, -0.00139081087965, 0.451914986959, -0.00123177575739, 0.249528443603, -0.705582164879, 0.708546222645, 0.00892800392292, -0.00602907341894, 1703893720023885965, 0
0.455860839981, -0.025, 0.244449566036, -0.706429751256, 0.707779721335, 0.00171413333072, -0.00139081087965, 0.451908209603, -0.00122981053327, 0.249500827969, -0.705582868774, 0.70854507394, 0.00894868043143, -0.00605100046454, 1703893720074254989, 0
0.455860839981, -0.025, 0.244449566036, -0.706429751256, 0.707779721335, 0.00171413333072, -0.00139081087965, 0.451900765341, -0.00122646088261, 0.249469092672, -0.705584881583, 0.708542532702, 0.00897526758686, -0.00607443858628, 1703893720124530076, 0
0.455860839981, -0.01875, 0.244449566036, -0.706429751256, 0.707779721335, 0.00171413333072, -0.00139081087965, 0.45190069792, -0.0012276470351, 0.24946199132, -0.705585802262, 0.708541506902, 0.00897944202766, -0.00608097566224, 1703893720174806118, 0
0.455860839981, -0.0125, 0.244449566036, -0.706429751256, 0.707779721335, 0.00171413333072, -0.00139081087965, 0.451897069583, -0.00123013254727, 0.249451403606, -0.70558100345, 0.708546108697, 0.00898818013262, -0.00608868128763, 1703893720225126981, 0
0.455860839981, -0.00625, 0.244449566036, -0.706429751256, 0.707779721335, 0.00171413333072, -0.00139081087965, 0.451893052096, -0.00123189748378, 0.249440767309, -0.705578549759, 0.708548377241, 0.00899625557039, -0.00609709895536, 1703893720275257110, 0
0.455860839981, 0.0, 0.244449566036, -0.706429751256, 0.707779721335, 0.00171413333072, -0.00139081087965, 0.451890521567, -0.00123113236188, 0.249432303244, -0.705579621476, 0.708547163322, 0.00900336076975, -0.00610365464823, 1703893720325511932, 0
0.455860839981, 0.0, 0.244449566036, -0.706429751256, 0.707779721335, 0.00171413333072, -0.00139081087965, 0.451889120339, -0.00123112088878, 0.249425840793, -0.705579272423, 0.708547397324, 0.00900987663942, -0.00610722490508, 1703893720375799894, 0
0.455860839981, 0.00625, 0.244449566036, -0.706429751256, 0.707779721335, 0.00171413333072, -0.00139081087965, 0.45188566022, -0.0012318214303, 0.249419623979, -0.705579544783, 0.708547011967, 0.00901460479429, -0.00611348636617, 1703893720426142930, 0
0.455860839981, 0.0125, 0.244449566036, -0.706429751256, 0.707779721335, 0.00171413333072, -0.00139081087965, 0.451884832827, -0.00123230231301, 0.249413636538, -0.705581053612, 0.708545429003, 0.00901807651058, -0.00611768907816, 1703893720476249933, 0
0.455860839981, 0.01875, 0.244449566036, -0.706429751256, 0.707779721335, 0.00171413333072, -0.00139081087965, 0.451883986109, -0.00123305715513, 0.249412533682, -0.705581052197, 0.708545407846, 0.00901883589457, -0.00611918296386, 1703893720526520967, 0
0.455860839981, 0.025, 0.244449566036, -0.706429751256, 0.707779721335, 0.00171413333072, -0.00139081087965, 0.451878349817, -0.00122950635407, 0.249401384129, -0.70558270516, 0.708543546694, 0.00902888362799, -0.00612926405975, 1703893720576786994, 0
0.455860839981, 0.025, 0.244449566036, -0.706429751256, 0.707779721335, 0.00171413333072, -0.00139081087965, 0.451881018999, -0.00122811630539, 0.249401485324, -0.705584104937, 0.708542185568, 0.00902727316104, -0.00612784378394, 1703893720627095937, 0
0.455860839981, 0.0125, 0.244449566036, -0.706429751256, 0.707779721335, 0.00171413333072, -0.00139081087965, 0.451880526676, -0.00122916658892, 0.249402051136, -0.705579982548, 0.70854627612, 0.00902873653104, -0.00612737635123, 1703893720677390098, 0
0.455860839981, 0.0, 0.244449566036, -0.706429751256, 0.707779721335, 0.00171413333072, -0.00139081087965, 0.451878319553, -0.00122914900663, 0.249398139269, -0.705581304097, 0.708544889509, 0.00903206506347, -0.00613063291784, 1703893720727587938, 0
0.455860839981, -0.0125, 0.244449566036, -0.706429751256, 0.707779721335, 0.00171413333072, -0.00139081087965, 0.451879702355, -0.00122982808944, 0.249397263118, -0.705581188238, 0.708545020967, 0.00903119719275, -0.00613005251074, 1703893720778012037, 0
0.455860839981, -0.025, 0.244449566036, -0.706429751256, 0.707779721335, 0.00171413333072, -0.00139081087965, 0.451879172876, -0.00122952886286, 0.24939724341, -0.70558146972, 0.708544714208, 0.0090320463652, -0.00613185904734, 1703893720828277111, 0
0.455860839981, -0.025, 0.244449566036, -0.706429751256, 0.707779721335, 0.00171413333072, -0.00139081087965, 0.451877947497, -0.00123287757367, 0.249393735537, -0.705577447597, 0.708548660873, 0.00903506438537, -0.00613418531185, 1703893720878356933, 0
0.455860839981, -0.01875, 0.244449566036, -0.706429751256, 0.707779721335, 0.00171413333072, -0.00139081087965, 0.451877572481, -0.00122977936849, 0.249393633286, -0.705580993045, 0.70854512856, 0.00903408035876, -0.00613583244564, 1703893720928663015, 0
0.455860839981, -0.0125, 0.244449566036, -0.706429751256, 0.707779721335, 0.00171413333072, -0.00139081087965, 0.45187855199, -0.00123308064864, 0.249393524407, -0.705577878122, 0.708548241712, 0.00903482080419, -0.0061334398859, 1703893720978848934, 0
0.455860839981, -0.00625, 0.244449566036, -0.706429751256, 0.707779721335, 0.00171413333072, -0.00139081087965, 0.451879470398, -0.00123489432649, 0.249395802095, -0.705578532059, 0.70854761649, 0.00903332237552, -0.00613264632237, 1703893721029194116, 0
0.455860839981, 0.0, 0.244449566036, -0.706429751256, 0.707779721335, 0.00171413333072, -0.00139081087965, 0.451876970495, -0.00123430752184, 0.249393145179, -0.705580783018, 0.708545317012, 0.0090356917593, -0.00613584958706, 1703893721079408884, 0
0.455860839981, 0.0, 0.244449566036, -0.706429751256, 0.707779721335, 0.00171413333072, -0.00139081087965, 0.451877514859, -0.00123513490335, 0.249393591579, -0.705579131996, 0.708546971618, 0.00903637383916, -0.00613363282175, 1703893721129756927, 0
0.455860839981, 0.00625, 0.244449566036, -0.706429751256, 0.707779721335, 0.00171413333072, -0.00139081087965, 0.451874906218, -0.00123609470412, 0.249389227768, -0.705577125154, 0.708548896492, 0.0090402185356, -0.00613646376776, 1703893721179989099, 0
0.455860839981, 0.0125, 0.244449566036, -0.706429751256, 0.707779721335, 0.00171413333072, -0.00139081087965, 0.451876503001, -0.00123369474337, 0.24939164752, -0.705581541445, 0.708544545513, 0.00903654528061, -0.00613646848695, 1703893721230210065, 0
0.455860839981, 0.01875, 0.244449566036, -0.706429751256, 0.707779721335, 0.00171413333072, -0.00139081087965, 0.451873982299, -0.00123674789221, 0.249387388643, -0.705577847108, 0.708548158826, 0.009039775727, -0.0061392792323, 1703893721280591011, 0
0.455860839981, 0.025, 0.244449566036, -0.706429751256, 0.707779721335, 0.00171413333072, -0.00139081087965, 0.451875405425, -0.00123699676618, 0.249388877182, -0.705576275735, 0.708549734647, 0.00903989822641, -0.00613782476217, 1703893721330858945, 0
0.455860839981, 0.025, 0.244449566036, -0.706429751256, 0.707779721335, 0.00171413333072, -0.00139081087965, 0.451873124815, -0.0012317112185, 0.249384056394, -0.705579839242, 0.708546098921, 0.00904448980291, -0.00614112075831, 1703893721381076097, 0
0.455860839981, 0.0125, 0.244449566036, -0.706429751256, 0.707779721335, 0.00171413333072, -0.00139081087965, 0.451872145554, -0.00123637821736, 0.249383431902, -0.70557556516, 0.708550353554, 0.00904383894936, -0.00614225566424, 1703893721431333065, 0
0.455860839981, 0.0, 0.244449566036, -0.706429751256, 0.707779721335, 0.00171413333072, -0.00139081087965, 0.451872266573, -0.00123344581912, 0.249382801675, -0.70557835749, 0.708547567615, 0.00904390969655, -0.00614276539301, 1703893721481643915, 0
0.455860839981, -0.0125, 0.244449566036, -0.706429751256, 0.707779721335, 0.00171413333072, -0.00139081087965, 0.4518713575, -0.00123447375616, 0.249382581631, -0.705576597418, 0.70854930518, 0.00904612949715, -0.00614124136194, 1703893721531843900, 0
0.455860839981, -0.025, 0.244449566036, -0.706429751256, 0.707779721335, 0.00171413333072, -0.00139081087965, 0.451872208589, -0.0012360272665, 0.249383326819, -0.705576594675, 0.70854932928, 0.00904417757695, -0.00614165095445, 1703893721581999063, 0
0.455860839981, -0.025, 0.244449566036, -0.706429751256, 0.707779721335, 0.00171413333072, -0.00139081087965, 0.451869111814, -0.00123418390772, 0.249377481917, -0.705578584394, 0.70854725242, 0.00904844548176, -0.0061463783701, 1703893721632134914, 0
0.455860839981, -0.01875, 0.244449566036, -0.706429751256, 0.707779721335, 0.00171413333072, -0.00139081087965, 0.451868681718, -0.00123521541068, 0.249377802643, -0.705576316754, 0.70854951244, 0.00904818767116, -0.00614654020351, 1703893721682473897, 0
0.455860839981, -0.0125, 0.244449566036, -0.706429751256, 0.707779721335, 0.00171413333072, -0.00139081087965, 0.451870408392, -0.00123763046843, 0.249379223322, -0.705574747003, 0.708551106481, 0.00904710269705, -0.00614457723923, 1703893721732755899, 0
0.455860839981, -0.00625, 0.244449566036, -0.706429751256, 0.707779721335, 0.00171413333072, -0.00139081087965, 0.451866935874, -0.00123852329955, 0.249373663159, -0.705576637155, 0.70854912924, 0.00905122896804, -0.00614945595993, 1703893721782990932, 0
0.455860839981, 0.0, 0.244449566036, -0.706429751256, 0.707779721335, 0.00171413333072, -0.00139081087965, 0.451869372277, -0.00123522320621, 0.249375921819, -0.705576111327, 0.70854970441, 0.00904909087085, -0.00614666252116, 1703893721833308935, 0
0.455860839981, 0.0, 0.244449566036, -0.706429751256, 0.707779721335, 0.00171413333072, -0.00139081087965, 0.451866179668, -0.00123533990538, 0.249372797244, -0.705575827053, 0.708549924479, 0.00905225840383, -0.00614926149514, 1703893721883598089, 0
0.455860839981, 0.00625, 0.244449566036, -0.706429751256, 0.707779721335, 0.00171413333072, -0.00139081087965, 0.451862795295, -0.00123580437646, 0.249367185953, -0.705578103276, 0.708547550653, 0.00905780838943, -0.00615343393621, 1703893721934317111, 0
0.455860839981, 0.0125, 0.244449566036, -0.706429751256, 0.707779721335, 0.00171413333072, -0.00139081087965, 0.451862887129, -0.00123647108956, 0.249367186857, -0.705574357973, 0.708551283118, 0.00905750929457, -0.00615354276477, 1703893721984236955, 0
0.455860839981, 0.01875, 0.244449566036, -0.706429751256, 0.707779721335, 0.00171413333072, -0.00139081087965, 0.451862272602, -0.00123849892755, 0.24936512801, -0.705575350484, 0.708550268177, 0.00905814235574, -0.00615567322032, 1703893722034388065, 0
0.455860839981, 0.025, 0.244449566036, -0.706429751256, 0.707779721335, 0.00171413333072, -0.00139081087965, 0.451860483679, -0.00123723747981, 0.249361253863, -0.705575420808, 0.708550134097, 0.00906106895304, -0.00615873786548, 1703893722085150957, 0
0.455860839981, 0.025, 0.244449566036, -0.706429751256, 0.707779721335, 0.00171413333072, -0.00139081087965, 0.451862089727, -0.0012369367299, 0.249363082424, -0.705575877281, 0.708549706668, 0.00906033490489, -0.00615669644794, 1703893722135462045, 0
0.455860839981, 0.0125, 0.244449566036, -0.706429751256, 0.707779721335, 0.00171413333072, -0.00139081087965, 0.451859795764, -0.0012351873368, 0.249360021251, -0.70557482104, 0.708550710242, 0.00906217448759, -0.00615953921182, 1703893722185695886, 0
0.455860839981, 0.0, 0.244449566036, -0.706429751256, 0.707779721335, 0.00171413333072, -0.00139081087965, 0.451858676956, -0.00123762286238, 0.249357680973, -0.705576981767, 0.708548512525, 0.00906489804658, -0.00616082968065, 1703893722235904932, 0
0.455860839981, -0.0125, 0.244449566036, -0.706429751256, 0.707779721335, 0.00171413333072, -0.00139081087965, 0.451856041121, -0.00123553306784, 0.249353912861, -0.705577696032, 0.708547746363, 0.00906696144631, -0.00616410543968, 1703893722286155939, 0
0.455860839981, -0.025, 0.244449566036, -0.706429751256, 0.707779721335, 0.00171413333072, -0.00139081087965, 0.451855896127, -0.00123531916484, 0.249354193147, -0.705576305444, 0.708549140347, 0.00906670796638, -0.00616341755671, 1703893722336409091, 0
0.455860839981, -0.025, 0.244449566036, -0.706429751256, 0.707779721335, 0.00171413333072, -0.00139081087965, 0.451855182466, -0.00123511132496, 0.249352345248, -0.705575693008, 0.708549718583, 0.00906833896894, -0.00616465406798, 1703893722387304067, 0
0.455860839981, -0.01875, 0.244449566036, -0.706429751256, 0.707779721335, 0.00171413333072, -0.00139081087965, 0.451851303652, -0.00123523815473, 0.249348713735, -0.70557562774, 0.708549707427, 0.00907156131484, -0.00616866428928, 1703893722437762022, 0
0.455860839981, -0.0125, 0.244449566036, -0.706429751256, 0.707779721335, 0.00171413333072, -0.00139081087965, 0.451850049836, -0.00123695021559, 0.249344690325, -0.705574613773, 0.708550666223, 0.00907450128796, -0.00617018804805, 1703893722487864971, 0
0.455860839981, -0.00625, 0.244449566036, -0.706429751256, 0.707779721335, 0.00171413333072, -0.00139081087965, 0.451849410532, -0.00123695771468, 0.249344535471, -0.705574927195, 0.708550352726, 0.0090744179183, -0.00617047049736, 1703893722538192033, 0
0.455860839981, 0.0, 0.244449566036, -0.706429751256, 0.707779721335, 0.00171413333072, -0.00139081087965, 0.451849236832, -0.0012369188612, 0.249343642132, -0.705574759996, 0.708550500286, 0.0090760880905, -0.00617018844977, 1703893722588269948, 0
0.455860839981, 0.0, 0.244449566036, -0.706429751256, 0.707779721335, 0.00171413333072, -0.00139081087965, 0.451848611717, -0.00123564152601, 0.249344183925, -0.705575412597, 0.708549852074, 0.00907516371501, -0.00617135863802, 1703893722638622999, 0
0.455860839981, 0.00625, 0.244449566036, -0.706429751256, 0.707779721335, 0.00171413333072, -0.00139081087965, 0.451848566847, -0.00123434525537, 0.249342013349, -0.70557952736, 0.708545740967, 0.00907545471959, -0.00617249131869, 1703893722688935041, 0
0.455860839981, 0.0125, 0.244449566036, -0.706429751256, 0.707779721335, 0.00171413333072, -0.00139081087965, 0.451846074073, -0.00123575454233, 0.249340048669, -0.705577468375, 0.708547739136, 0.00907820283195, -0.00617444083007, 1703893722739119052, 0
0.455860839981, 0.01875, 0.244449566036, -0.706429751256, 0.707779721335, 0.00171413333072, -0.00139081087965, 0.451846310965, -0.00123623182172, 0.249340102847, -0.705576463138, 0.708548747138, 0.00907754645982, -0.00617460479192, 1703893722789479970, 0
0.455860839981, 0.025, 0.244449566036, -0.706429751256, 0.707779721335, 0.00171413333072, -0.00139081087965, 0.45184502948, -0.00123454088723, 0.249337317872, -0.70557640765, 0.708548753809, 0.00907930827399, -0.00617758885515, 1703893722842169046, 0
0.455860839981, 0.025, 0.244449566036, -0.706429751256, 0.707779721335, 0.00171413333072, -0.00139081087965, 0.451845178398, -0.00123658317281, 0.249338398542, -0.7055747026, 0.708550478404, 0.00907837637292, -0.00617589568678, 1703893722891709089, 0
0.455860839981, 0.0125, 0.244449566036, -0.706429751256, 0.707779721335, 0.00171413333072, -0.00139081087965, 0.451843694294, -0.00123525659767, 0.249336661585, -0.705576221552, 0.708548930383, 0.00908038088084, -0.00617701519627, 1703893722941982030, 0
0.455860839981, 0.0, 0.244449566036, -0.706429751256, 0.707779721335, 0.00171413333072, -0.00139081087965, 0.451843964996, -0.0012366316436, 0.249337236886, -0.705575282479, 0.708549879791, 0.00907984888934, -0.00617615966561, 1703893722992280960, 0
0.455860839981, -0.0125, 0.244449566036, -0.706429751256, 0.707779721335, 0.00171413333072, -0.00139081087965, 0.451845548884, -0.00123518740638, 0.249338223779, -0.705574259108, 0.708550915644, 0.00907972099456, -0.00617442229677, 1703893723042541980, 0
0.455860839981, -0.025, 0.244449566036, -0.706429751256, 0.707779721335, 0.00171413333072, -0.00139081087965, 0.451841684181, -0.00123743761136, 0.249334045832, -0.705575418681, 0.70854969405, 0.00908171438298, -0.00617916484196, 1703893723092803955, 0
0.455860839981, -0.025, 0.244449566036, -0.706429751256, 0.707779721335, 0.00171413333072, -0.00139081087965, 0.45184363408, -0.00123491513574, 0.249334958948, -0.70557621817, 0.708548913477, 0.00908065110412, -0.00617894322425, 1703893723143140077, 0
0.455860839981, -0.01875, 0.244449566036, -0.706429751256, 0.707779721335, 0.00171413333072, -0.00139081087965, 0.45184304408, -0.00123497285254, 0.249335162173, -0.705575024001, 0.708550102199, 0.00908154333486, -0.00617768160758, 1703893723193495035, 0
0.455860839981, -0.0125, 0.244449566036, -0.706429751256, 0.707779721335, 0.00171413333072, -0.00139081087965, 0.451842678834, -0.00123552119393, 0.249335126654, -0.705577058817, 0.708548072016, 0.00908140399034, -0.006178334343, 1703893723243688106, 0
0.455860839981, -0.00625, 0.244449566036, -0.706429751256, 0.707779721335, 0.00171413333072, -0.00139081087965, 0.451840811059, -0.00123804774115, 0.249331905494, -0.705573184924, 0.708551880949, 0.00908380311447, -0.00618039169677, 1703893723293967008, 0
0.455860839981, 0.0, 0.244449566036, -0.706429751256, 0.707779721335, 0.00171413333072, -0.00139081087965, 0.451840543124, -0.00123562767163, 0.249331840915, -0.705575571284, 0.708549496984, 0.0090844381912, -0.00618033278383, 1703893723344228982, 0
0.455860839981, 0.0, 0.244449566036, -0.706429751256, 0.707779721335, 0.00171413333072, -0.00139081087965, 0.45184040478, -0.0012346589994, 0.249331084744, -0.705576875234, 0.708548188036, 0.00908446399767, -0.006181494959, 1703893723394442081, 0
0.455860839981, 0.00625, 0.244449566036, -0.706429751256, 0.707779721335, 0.00171413333072, -0.00139081087965, 0.451839663646, -0.00123820385191, 0.249329500919, -0.705573257533, 0.708551765, 0.00908549968207, -0.00618290098691, 1703893723444729089, 0
0.455860839981, 0.0125, 0.244449566036, -0.706429751256, 0.707779721335, 0.00171413333072, -0.00139081087965, 0.451840755477, -0.00123546214308, 0.24933208244, -0.705577112897, 0.708547967223, 0.00908390677014, -0.00618049661115, 1703893723494995117, 0
0.455860839981, 0.01875, 0.244449566036, -0.706429751256, 0.707779721335, 0.00171413333072, -0.00139081087965, 0.451841475245, -0.00123636588243, 0.249332038544, -0.705575021152, 0.708550059188, 0.00908434518566, -0.0061788205995, 1703893723545314073, 0
