0.455979424181, 0.0, 0.246662003413, -0.70667339574, 0.707536999376, 0.001330061199, -0.00152879193974, 0.455979476726, -0.000738401856527, 0.24666256637, -0.706669715489, 0.707540676939, 0.00133050335357, -0.00152756303915, 1703892967375294923, 0
0.455979424181, 0.00625, 0.248231103824, -0.70667339574, 0.707536999376, 0.001330061199, -0.00152879193974, 0.455980054051, -0.000734255138141, 0.246663936622, -0.706672238254, 0.707538160665, 0.0013297021885, -0.00152668795234, 1703892967425550937, 0
0.455979424181, 0.0125, 0.248231103824, -0.70667339574, 0.707536999376, 0.001330061199, -0.00152879193974, 0.455978820417, -0.000737843909192, 0.246660300671, -0.706673931126, 0.70753645802, 0.00133064162503, -0.00153134976438, 1703892967475863933, 0
0.455979424181, 0.01875, 0.248048253591, -0.70667339574, 0.707536999376, 0.001330061199, -0.00152879193974, 0.455979178103, -0.000734334769384, 0.246662161696, -0.706672928664, 0.707537465521, 0.00133069165802, -0.00152840993661, 1703892967526180982, 0
0.455979424181, 0.025, 0.247705586858, -0.70667339574, 0.707536999376, 0.001330061199, -0.00152879193974, 0.455978446482, -0.000725466785464, 0.246661551266, -0.706680420008, 0.707529979737, 0.00132841690766, -0.00153201133949, 1703892967576416015, 0
0.455979424181, 0.025, 0.247251315977, -0.70667339574, 0.707536999376, 0.001330061199, -0.00152879193974, 0.455979368353, -0.000176726551438, 0.246662523535, -0.706989994209, 0.707220648522, 0.0013399449824, -0.00151886155679, 1703892967626445055, 0
0.455979424181, 0.0125, 0.247221590992, -0.70667339574, 0.707536999376, 0.001330061199, -0.00152879193974, 0.455979539831, 0.000855244183086, 0.246661863219, 0.707412747164, -0.706797774495, -0.00153751948384, 0.00132179927407, 1703892967676732063, 0
0.455979424181, 0.0, 0.247277749883, -0.70667339574, 0.707536999376, 0.001330061199, -0.00152879193974, 0.455975353954, 0.00109483630462, 0.246657861208, 0.707514100012, -0.706696286046, -0.00158342212786, 0.00128465821402, 1703892967727113008, 0
0.455979424181, -0.0125, 0.247355168669, -0.70667339574, 0.707536999376, 0.001330061199, -0.00152879193974, 0.455975674934, 0.00215319026847, 0.246661077523, 0.707995532703, -0.706213886101, -0.00173070695653, 0.00113022285316, 1703892967777611017, 0
0.455979424181, -0.025, 0.24741507155, -0.70667339574, 0.707536999376, 0.001330061199, -0.00152879193974, 0.455965141869, 0.00355959049814, 0.246657055114, 0.708881243809, -0.70532486331, -0.00165974552357, 0.00121021405835, 1703892967827862024, 0
0.455979424181, -0.025, 0.247508755761, -0.70667339574, 0.707536999376, 0.001330061199, -0.00152879193974, 0.455962424751, 0.00362907735805, 0.24665449912, 0.708966621262, -0.705239069043, -0.00160898280361, 0.00126356879139, 1703892967878138065, 0
0.455979424181, -0.01875, 0.247565449296, -0.70667339574, 0.707536999376, 0.001330061199, -0.00152879193974, 0.455965547098, 0.00286780535023, 0.246651723095, 0.708763777155, -0.705442940495, -0.00131836700296, 0.00155814233218, 1703892967928430080, 0
0.455979424181, -0.0125, 0.247656426927, -0.70667339574, 0.707536999376, 0.001330061199, -0.00152879193974, 0.455974301495, 0.000841362596027, 0.246656756101, 0.708174915807, -0.706033527799, -0.000791779356586, 0.00207829982514, 1703892967978703022, 0
0.455979424181, -0.00625, 0.24836692195, -0.70667339574, 0.707536999376, 0.001330061199, -0.00152879193974, 0.455976662081, -0.000741338342421, 0.246659907243, 0.70766326253, -0.706546124869, -0.000669823937005, 0.00219809781098, 1703892968028963088, 0
0.455979424181, 0.0, 0.249331255336, -0.70667339574, 0.707536999376, 0.001330061199, -0.00152879193974, 0.455969938149, -0.00221384841815, 0.246659158616, 0.707140618553, -0.707069395284, -0.000771202227118, 0.00210263914272, 1703892968079252004, 0
0.455979424181, 0.0, 0.250930798374, -0.70667339574, 0.707536999376, 0.001330061199, -0.00152879193974, 0.455960368962, -0.0034223451968, 0.246656312641, -0.706560186759, 0.707649774008, 0.00101690418649, -0.00186164947798, 1703892968129611015, 0
0.455979424181, 0.00625, 0.255899790998, -0.70667339574, 0.707536999376, 0.001330061199, -0.00152879193974, 0.45594851072, -0.00441450824587, 0.246651247428, -0.705998944632, 0.708209908623, 0.00127466357119, -0.00160957757955, 1703892968179940938, 0
0.455979424181, 0.0125, 0.258573212412, -0.70667339574, 0.707536999376, 0.001330061199, -0.00152879193974, 0.455944492194, -0.00520664379426, 0.246654173219, -0.705480892891, 0.708726023754, 0.00148192032693, -0.0013917366515, 1703892968230256080, 0
0.455979424181, 0.01875, 0.260633587785, -0.70667339574, 0.707536999376, 0.001330061199, -0.00152879193974, 0.455947556055, -0.00531390337722, 0.246660168395, -0.70531788982, 0.708888234892, 0.00158425335428, -0.00127862144527, 1703892968280502080, 0
0.455979424181, 0.025, 0.261589374526, -0.70667339574, 0.707536999376, 0.001330061199, -0.00152879193974, 0.45595803404, -0.00509244960552, 0.24667035093, -0.705354605063, 0.708851676481, 0.00167894660382, -0.00116747799091, 1703892968330780029, 0
0.455979424181, 0.025, 0.261246718517, -0.70667339574, 0.707536999376, 0.001330061199, -0.00152879193974, 0.45599458873, -0.00443144718766, 0.246704601343, -0.705497160407, 0.708709632467, 0.00190386510499, -0.000888146589517, 1703892968380852937, 0
0.455979424181, 0.0125, 0.25771464183, -0.70667339574, 0.707536999376, 0.001330061199, -0.00152879193974, 0.456087242034, -0.00294145346924, 0.246825954711, -0.705926306486, 0.708281745124, 0.00220382395087, -0.000403105699216, 1703892968431174039, 0
0.455979424181, 0.0, 0.255683092677, -0.70667339574, 0.707536999376, 0.001330061199, -0.00152879193974, 0.456221539288, -0.00149857082292, 0.24699031631, -0.706283749713, 0.707924866001, 0.00237669535985, 1.75462634394e-05, 1703892968481486082, 0
0.455979424181, -0.0125, 0.25435680374, -0.70667339574, 0.707536999376, 0.001330061199, -0.00152879193974, 0.456390511051, -9.54135945766e-06, 0.247197021607, -0.706743479039, 0.707465836976, 0.00237516005241, 0.00032087760996, 1703892968531754016, 0
0.455979424181, -0.025, 0.254104206518, -0.70667339574, 0.707536999376, 0.001330061199, -0.00152879193974, 0.45656178582, 0.00254111583938, 0.247462838319, 0.707645643227, -0.706564909642, -0.00190102189757, -0.000241244776007, 1703892968581724882, 0
0.455979424181, -0.025, 0.254838690347, -0.70667339574, 0.707536999376, 0.001330061199, -0.00152879193974, 0.456564593365, 0.00293216820135, 0.247485355401, 0.707928032553, -0.706282387472, -0.00175313061155, -0.000128085823527, 1703892968632061004, 0
0.455979424181, -0.01875, 0.257301046737, -0.70667339574, 0.707536999376, 0.001330061199, -0.00152879193974, 0.456568600755, 0.00245766871635, 0.24748779208, 0.707884120564, -0.706327009359, -0.00148675432777, 0.000131399680199, 1703892968682260036, 0
0.455979424181, -0.0125, 0.257925131839, -0.70667339574, 0.707536999376, 0.001330061199, -0.00152879193974, 0.456572670318, 0.000981379010248, 0.247490138408, 0.707544937961, -0.70666737276, -0.00101052336072, 0.00060322807392, 1703892968732541084, 0
0.455979424181, -0.00625, 0.25772205137, -0.70667339574, 0.707536999376, 0.001330061199, -0.00152879193974, 0.45656699162, -0.00144672691683, 0.247487818422, -0.706842802947, 0.707369680802, 0.000618381249174, -0.00100210253119, 1703892968782674074, 0
0.455979424181, 0.0, 0.255356880473, -0.70667339574, 0.707536999376, 0.001330061199, -0.00152879193974, 0.456567322558, -0.00260839943109, 0.247494916303, -0.706420108102, 0.707791809869, 0.000592017457577, -0.00101698915862, 1703892968832947015, 0
0.455979424181, 0.0, 0.254074030795, -0.70667339574, 0.707536999376, 0.001330061199, -0.00152879193974, 0.456558926593, -0.00416908519532, 0.247496976668, -0.705748515871, 0.708461535494, 0.000830398750879, -0.000771692357997, 1703892968883183002, 0
0.455979424181, 0.00625, 0.25341652235, -0.70667339574, 0.707536999376, 0.001330061199, -0.00152879193974, 0.456547209901, -0.00546996516734, 0.247498407082, -0.705056218423, 0.709150331904, 0.0011612844224, -0.000432483107314, 1703892968933558940, 0
0.455979424181, 0.0125, 0.254808587368, -0.70667339574, 0.707536999376, 0.001330061199, -0.00152879193974, 0.456542011684, -0.00584834216371, 0.247497134865, -0.704769369723, 0.709435289835, 0.00126369276978, -0.000328812684881, 1703892968983815908, 0
0.455979424181, 0.01875, 0.256526590237, -0.70667339574, 0.707536999376, 0.001330061199, -0.00152879193974, 0.456540950973, -0.00583699322941, 0.247495727054, -0.704739185757, 0.709465211861, 0.001308300609, -0.000285600762267, 1703892969034101009, 0
0.455979424181, 0.025, 0.258264941161, -0.70667339574, 0.707536999376, 0.001330061199, -0.00152879193974, 0.456543847574, -0.00553185817716, 0.24749609251, -0.704797679596, 0.70940689014, 0.00143934163293, -0.000152816869978, 1703892969089791059, 0
0.455979424181, 0.025, 0.259407925834, -0.70667339574, 0.707536999376, 0.001330061199, -0.00152879193974, 0.456559795784, -0.00412190266245, 0.247500398176, -0.705228640443, 0.708977483531, 0.00184976612703, 0.000266288672038, 1703892969140033006, 0
0.455979424181, 0.0125, 0.259413014774, -0.70667339574, 0.707536999376, 0.001330061199, -0.00152879193974, 0.456570041479, -0.00286021251605, 0.247502568405, -0.705625387657, 0.708581681625, 0.00212532692123, 0.000543824313017, 1703892969190380096, 0
0.455979424181, 0.0, 0.259078788507, -0.70667339574, 0.707536999376, 0.001330061199, -0.00152879193974, 0.456584807661, -0.000786343692786, 0.247511824367, -0.706113432687, 0.708093523289, 0.00253914517221, 0.000967056065683, 1703892969240691900, 0
0.455979424181, -0.0125, 0.259088021654, -0.70667339574, 0.707536999376, 0.001330061199, -0.00152879193974, 0.456602804904, 0.00157315276586, 0.247547595997, -0.706892210804, 0.707316349107, 0.00246929898554, 0.000941887677869, 1703892969290910005, 0
0.455979424181, -0.025, 0.260322751176, -0.70667339574, 0.707536999376, 0.001330061199, -0.00152879193974, 0.45661467988, 0.00266999090855, 0.247598476447, 0.707353156007, -0.706856615782, -0.00217238261194, -0.000719837913466, 1703892969340958118, 0
0.455979424181, -0.025, 0.261129655527, -0.70667339574, 0.707536999376, 0.001330061199, -0.00152879193974, 0.456632440125, 0.0030831269766, 0.247693798018, 0.707656812674, -0.706553280611, -0.00196548078089, -0.000658801453277, 1703892969391195058, 0
0.455979424181, -0.01875, 0.26170753429, -0.70667339574, 0.707536999376, 0.001330061199, -0.00152879193974, 0.456674035013, 0.00243065686534, 0.247877446675, 0.707587971429, -0.706623564276, -0.00147993149168, -0.000459240992946, 1703892969441519975, 0
0.455979424181, -0.0125, 0.261920961537, -0.70667339574, 0.707536999376, 0.001330061199, -0.00152879193974, 0.456742236968, 0.00048424640878, 0.248187174191, -0.70710000756, 0.707113113014, 0.000759281523299, 0.000219553316704, 1703892969491864919, 0
0.455979424181, -0.00625, 0.261433162794, -0.70667339574, 0.707536999376, 0.001330061199, -0.00152879193974, 0.456781645032, -0.000741969300563, 0.24837506476, -0.706793883594, 0.707419432114, 0.000371887068852, 0.000121995302969, 1703892969541989088, 0
0.455979424181, 0.0, 0.260978921745, -0.70667339574, 0.707536999376, 0.001330061199, -0.00152879193974, 0.45684577286, -0.00267329089776, 0.24871569853, -0.70623737055, 0.707975077681, -1.85978229091e-05, 0.000255881177855, 1703892969592215061, 0
0.455979424181, 0.0, 0.260520188127, -0.70667339574, 0.707536999376, 0.001330061199, -0.00152879193974, 0.456914611594, -0.00446383691605, 0.24911315962, -0.705469416152, 0.70873990761, -9.19010076355e-05, 0.000798617799165, 1703892969642508029, 0
0.455979424181, 0.00625, 0.260106240906, -0.70667339574, 0.707536999376, 0.001330061199, -0.00152879193974, 0.456958115404, -0.00526386515757, 0.249371473445, -0.705010554624, 0.709195774535, -8.47961731708e-05, 0.00120998370681, 1703892969692894935, 0
0.455979424181, 0.0125, 0.259765623887, -0.70667339574, 0.707536999376, 0.001330061199, -0.00152879193974, 0.456998674054, -0.0056696404482, 0.249618483173, -0.704694965058, 0.709508780574, -0.000168693887409, 0.00150600554318, 1703892969743490934, 0
0.455979424181, 0.01875, 0.259453464968, -0.70667339574, 0.707536999376, 0.001330061199, -0.00152879193974, 0.457040033862, -0.00571502224003, 0.249859381372, -0.704641972557, 0.709560873446, -0.000320181021408, 0.00171897335622, 1703892969793708086, 0
0.455979424181, 0.025, 0.259536109703, -0.70667339574, 0.707536999376, 0.001330061199, -0.00152879193974, 0.457092204626, -0.00549170475926, 0.250103039551, -0.704726199592, 0.709476509549, -0.000453955346247, 0.00196467088967, 1703892969843965053, 0
0.455979424181, 0.025, 0.259656408025, -0.70667339574, 0.707536999376, 0.001330061199, -0.00152879193974, 0.457188119068, -0.00392698138546, 0.250520471503, -0.705227435177, 0.708975827514, -0.000339488352177, 0.00272496266728, 1703892969898099899, 0
0.455979424181, 0.0125, 0.259028318318, -0.70667339574, 0.707536999376, 0.001330061199, -0.00152879193974, 0.457204386415, -0.00335966795471, 0.25057078372, -0.705365364404, 0.70883789156, -0.000226929135671, 0.00291456543812, 1703892969948327064, 0
0.455979424181, 0.0, 0.258148191232, -0.70667339574, 0.707536999376, 0.001330061199, -0.00152879193974, 0.457225131977, -0.00231396927016, 0.250626387162, -0.70563754317, 0.70856581082, -4.03145079041e-05, 0.00318555797185, 1703892969998604059, 0
0.455979424181, -0.0125, 0.257242101539, -0.70667339574, 0.707536999376, 0.001330061199, -0.00152879193974, 0.457247081054, -0.000393635206128, 0.250690480817, -0.706218224073, 0.707985537017, 0.000184038707351, 0.00350221228463, 1703892970049607038, 0
0.455979424181, -0.025, 0.256451739404, -0.70667339574, 0.707536999376, 0.001330061199, -0.00152879193974, 0.457250433715, 0.00163725231989, 0.250710745845, -0.706924165679, 0.70728164657, -3.97864574336e-05, 0.00330073028566, 1703892970099849939, 0
0.455979424181, -0.025, 0.256451739404, -0.70667339574, 0.707536999376, 0.001330061199, -0.00152879193974, 0.457246434597, 0.00239966112658, 0.250711735159, 0.707309998904, -0.706896661651, 0.00023826051822, -0.00310135909526, 1703892970150244951, 0
0.455979424181, -0.01875, 0.256933805621, -0.70667339574, 0.707536999376, 0.001330061199, -0.00152879193974, 0.457248054951, 0.0017234825843, 0.250714995235, 0.707290857926, -0.706917234168, 0.000653981289975, -0.00269047202391, 1703892970200412034, 0
0.455979424181, -0.0125, 0.257181260588, -0.70667339574, 0.707536999376, 0.001330061199, -0.00152879193974, 0.457260846241, 0.000543441968681, 0.25073149222, -0.706953041192, 0.707255700404, -0.000951698212169, 0.00242199630593, 1703892970250705957, 0
0.455979424181, -0.00625, 0.257867467646, -0.70667339574, 0.707536999376, 0.001330061199, -0.00152879193974, 0.457251226401, -0.000938218851203, 0.250718686922, -0.706560785691, 0.707648095939, -0.0012275477912, 0.0021263969922, 1703892970301039934, 0
0.455979424181, 0.0, 0.258711234252, -0.70667339574, 0.707536999376, 0.001330061199, -0.00152879193974, 0.457235524353, -0.00236434611379, 0.250698623591, -0.706128769811, 0.708079399052, -0.0013423496053, 0.00198070213128, 1703892970351274013, 0
0.455979424181, 0.0, 0.260200090517, -0.70667339574, 0.707536999376, 0.001330061199, -0.00152879193974, 0.457234591224, -0.00390562601505, 0.250718589777, -0.705501313064, 0.708704346392, -0.00122573457204, 0.00213172320815, 1703892970401468038, 0
0.455979424181, 0.00625, 0.262523128837, -0.70667339574, 0.707536999376, 0.001330061199, -0.00152879193974, 0.457229250892, -0.00512262702673, 0.250723195233, -0.704809754433, 0.709391549431, -0.000927883892775, 0.00244513475863, 1703892970451760053, 0
0.455979424181, 0.0125, 0.265587269987, -0.70667339574, 0.707536999376, 0.001330061199, -0.00152879193974, 0.457221618235, -0.00541138874855, 0.25071650707, -0.704581191864, 0.709618404774, -0.000844293125462, 0.0025200884158, 1703892970502041101, 0
0.455979424181, 0.01875, 0.272065580088, -0.70667339574, 0.707536999376, 0.001330061199, -0.00152879193974, 0.457217926805, -0.00544122976821, 0.250707481352, -0.704532760934, 0.70966643759, -0.000805677315805, 0.00254696171273, 1703892970552280902, 0
0.455979424181, 0.025, 0.274153613597, -0.70667339574, 0.707536999376, 0.001330061199, -0.00152879193974, 0.457276453035, -0.00497477195755, 0.250819195279, -0.704683558582, 0.709515893019, -0.000745522617, 0.00277921095061, 1703892970602607011, 0
0.455979424181, 0.025, 0.274645908586, -0.70667339574, 0.707536999376, 0.001330061199, -0.00152879193974, 0.457375547904, -0.00452348106416, 0.251000608543, -0.704830528831, 0.709368779076, -0.00074754714416, 0.00304993022987, 1703892970653723001, 0
0.455979424181, 0.0125, 0.271412915851, -0.70667339574, 0.707536999376, 0.001330061199, -0.00152879193974, 0.457548339358, -0.00359593813719, 0.251358910226, -0.705108550299, 0.709089988425, -0.000768555067673, 0.00356790326096, 1703892970703896999, 0
0.455979424181, 0.0, 0.269253786338, -0.70667339574, 0.707536999376, 0.001330061199, -0.00152879193974, 0.457843755925, -0.000366643285257, 0.252573452587, -0.706067602411, 0.708126625792, -0.000930974844037, 0.00493517542521, 1703892970754278898, 0
0.455979424181, -0.0125, 0.267633845304, -0.70667339574, 0.707536999376, 0.001330061199, -0.00152879193974, 0.457927821073, 0.00152598483571, 0.253425223998, -0.706640225778, 0.707550926871, -0.00146818739842, 0.00539644539051, 1703892970804620981, 0
0.455979424181, -0.025, 0.266766587483, -0.70667339574, 0.707536999376, 0.001330061199, -0.00152879193974, 0.457969312028, 0.00270056050811, 0.254157977128, 0.707187735772, -0.707000365284, 0.00221624227498, -0.0055747764288, 1703892970854875087, 0
0.455979424181, -0.025, 0.266903931455, -0.70667339574, 0.707536999376, 0.001330061199, -0.00152879193974, 0.457999781715, 0.00285162228665, 0.254623774349, 0.707358218561, -0.706826744252, 0.00264585994034, -0.00577093312712, 1703892970905150890, 0
0.455979424181, -0.01875, 0.266903931455, -0.70667339574, 0.707536999376, 0.001330061199, -0.00152879193974, 0.458057357063, 0.00218628549431, 0.25497379764, 0.707237588622, -0.706945414796, 0.00320760335667, -0.0057345461649, 1703892970955404043, 0
0.455979424181, -0.0125, 0.267503627131, -0.70667339574, 0.707536999376, 0.001330061199, -0.00152879193974, 0.45809040806, 0.000985253886913, 0.255165174229, -0.706954357474, 0.707227757809, -0.00367124736282, 0.00556389936917, 1703892971005685091, 0
0.455979424181, -0.00625, 0.267519557888, -0.70667339574, 0.707536999376, 0.001330061199, -0.00152879193974, 0.45811824762, -0.000448707692257, 0.255274264322, -0.706584423555, 0.707596759324, -0.00398792309382, 0.00541987574229, 1703892971056001901, 0
0.455979424181, 0.0, 0.26675029765, -0.70667339574, 0.707536999376, 0.001330061199, -0.00152879193974, 0.45814592109, -0.00193675457353, 0.255343514163, -0.706123145961, 0.70805669068, -0.00422977389794, 0.0052853131004, 1703892971106245040, 0
0.455979424181, 0.0, 0.26542124293, -0.70667339574, 0.707536999376, 0.001330061199, -0.00152879193974, 0.458164804975, -0.00349496001574, 0.255391296455, -0.705535278496, 0.708641889082, -0.00422120012148, 0.00536892029363, 1703892971156537055, 0
0.455979424181, 0.00625, 0.263316258958, -0.70667339574, 0.707536999376, 0.001330061199, -0.00152879193974, 0.458185374903, -0.00479267541435, 0.255433806511, -0.704865118866, 0.709307373539, -0.00395685057115, 0.00570590774905, 1703892971206834077, 0
0.455979424181, 0.0125, 0.260904635174, -0.70667339574, 0.707536999376, 0.001330061199, -0.00152879193974, 0.458186223612, -0.0051758085178, 0.25543905821, -0.704564092087, 0.70960604983, -0.00385996402921, 0.00581333498708, 1703892971257101058, 0
0.455979424181, 0.01875, 0.257537915074, -0.70667339574, 0.707536999376, 0.001330061199, -0.00152879193974, 0.458182115902, -0.00520993452723, 0.255432245453, -0.704529827766, 0.709640107493, -0.00383681327909, 0.00582395818206, 1703892971307365894, 0
0.455979424181, 0.025, 0.257091403098, -0.70667339574, 0.707536999376, 0.001330061199, -0.00152879193974, 0.458179830032, -0.00502412839541, 0.255427736567, -0.704618788535, 0.709551760697, -0.0038096866526, 0.00584363101377, 1703892971357614040, 0
0.455979424181, 0.025, 0.257265951805, -0.70667339574, 0.707536999376, 0.001330061199, -0.00152879193974, 0.458178934372, -0.00357033274675, 0.25540362198, -0.705041033382, 0.709130921413, -0.0033394023446, 0.00627103938133, 1703892971407763004, 0
0.455979424181, 0.0125, 0.257708302223, -0.70667339574, 0.707536999376, 0.001330061199, -0.00152879193974, 0.458175950075, -0.00299332066199, 0.255393906065, -0.705197405009, 0.708974996806, -0.00319700491431, 0.00639163765264, 1703892971457920074, 0
0.455979424181, 0.0, 0.259418803969, -0.70667339574, 0.707536999376, 0.001330061199, -0.00152879193974, 0.458152118038, -7.59004771386e-05, 0.255344450289, -0.706090939572, 0.708083384297, -0.00268401146936, 0.00680455866349, 1703892971510291099, 0
0.455979424181, -0.0125, 0.261346269909, -0.70667339574, 0.707536999376, 0.001330061199, -0.00152879193974, 0.458121342632, 0.00138698031421, 0.255302764847, -0.706559651209, 0.707616461202, -0.00269547933736, 0.00671844555643, 1703892971560564041, 0
0.455979424181, -0.025, 0.264063419809, -0.70667339574, 0.707536999376, 0.001330061199, -0.00152879193974, 0.458105455056, 0.00195786885933, 0.25527692193, -0.706788556652, 0.707388789848, -0.00279733308345, 0.0065735158712, 1703892971610676050, 0
0.455979424181, -0.025, 0.267003421497, -0.70667339574, 0.707536999376, 0.001330061199, -0.00152879193974, 0.458033760635, 0.00279609440456, 0.255155063862, 0.707323663567, -0.70685638113, 0.00297911821257, -0.00619808592049, 1703892971660881996, 0
0.455979424181, -0.01875, 0.270099582342, -0.70667339574, 0.707536999376, 0.001330061199, -0.00152879193974, 0.458005661443, 0.00201535274727, 0.255100779704, 0.707179071191, -0.707002961249, 0.00327389554846, -0.00581856195708, 1703892971711234092, 0
0.455979424181, -0.0125, 0.269079453378, -0.70667339574, 0.707536999376, 0.001330061199, -0.00152879193974, 0.458009991213, 0.000454741653241, 0.255107662394, -0.706812058399, 0.707370952176, -0.00365965139225, 0.00544583065262, 1703892971761486053, 0
0.455979424181, -0.00625, 0.266404194721, -0.70667339574, 0.707536999376, 0.001330061199, -0.00152879193974, 0.458012695544, -0.00144847715104, 0.255113634022, -0.706289238162, 0.70789359055, -0.00400111697624, 0.00511542550333, 1703892971811654090, 0
0.455979424181, 0.0, 0.262689749988, -0.70667339574, 0.707536999376, 0.001330061199, -0.00152879193974, 0.458010784029, -0.00294395733797, 0.255125222584, -0.705820388932, 0.708361067851, -0.00410157214617, 0.0050351987496, 1703892971861920118, 0
0.455979424181, 0.0, 0.258785086842, -0.70667339574, 0.707536999376, 0.001330061199, -0.00152879193974, 0.458004100759, -0.00408708301839, 0.255125789266, -0.705284138776, 0.70889471237, -0.00394656871562, 0.0051956675515, 1703892971912179946, 0
0.455979424181, 0.00625, 0.254109414499, -0.70667339574, 0.707536999376, 0.001330061199, -0.00152879193974, 0.457995134721, -0.00509820450441, 0.255126231742, -0.704706003592, 0.709468836838, -0.00369055486446, 0.00545874185387, 1703892971962461948, 0
0.455979424181, 0.0125, 0.254523747355, -0.70667339574, 0.707536999376, 0.001330061199, -0.00152879193974, 0.457986996167, -0.00553869623974, 0.255121027927, -0.704361099918, 0.709810978955, -0.00356563468021, 0.00557685627726, 1703892972012777090, 0
0.455979424181, 0.01875, 0.256490441313, -0.70667339574, 0.707536999376, 0.001330061199, -0.00152879193974, 0.457981800443, -0.00547480035561, 0.25511260968, -0.704396313303, 0.709776088696, -0.00355130252563, 0.00557906541937, 1703892972063148975, 0
0.455979424181, 0.025, 0.260979652475, -0.70667339574, 0.707536999376, 0.001330061199, -0.00152879193974, 0.457960562276, -0.00506906582525, 0.255070260302, -0.704544533669, 0.709629091213, -0.00340637735033, 0.00565239559345, 1703892972113131046, 0
0.455979424181, 0.025, 0.261593611375, -0.70667339574, 0.707536999376, 0.001330061199, -0.00152879193974, 0.457876102845, -0.00393320678706, 0.254889639069, -0.704925471378, 0.709251322972, -0.002962479144, 0.00581931110087, 1703892972163388013, 0
0.455979424181, 0.0125, 0.260756774241, -0.70667339574, 0.707536999376, 0.001330061199, -0.00152879193974, 0.457836265033, -0.00304945827006, 0.254788793747, -0.705155380762, 0.709022753153, -0.00266967487595, 0.00595796358923, 1703892972213566064, 0
0.455979424181, 0.0, 0.257321982284, -0.70667339574, 0.707536999376, 0.001330061199, -0.00152879193974, 0.457809498307, -0.00114216825397, 0.254681775045, -0.705687767906, 0.70849161221, -0.00215609472614, 0.00630562531131, 1703892972263794898, 0
0.455979424181, -0.0125, 0.256390261384, -0.70667339574, 0.707536999376, 0.001330061199, -0.00152879193974, 0.457799130385, 0.00120486297084, 0.2546417172, -0.706441287176, 0.707740227248, -0.00203506157812, 0.00635114409852, 1703892972314097881, 0
0.455979424181, -0.025, 0.256524584951, -0.70667339574, 0.707536999376, 0.001330061199, -0.00152879193974, 0.457777266549, 0.0023673193396, 0.254612786747, -0.706925954566, 0.707257570239, -0.00220519416328, 0.00612872082295, 1703892972364391088, 0
0.455979424181, -0.025, 0.257524142824, -0.70667339574, 0.707536999376, 0.001330061199, -0.00152879193974, 0.457729798988, 0.00296047606958, 0.254552745502, 0.707286812496, -0.706898157459, 0.00232459717654, -0.00591236823704, 1703892972414679050, 0
0.455979424181, -0.01875, 0.260249818403, -0.70667339574, 0.707536999376, 0.001330061199, -0.00152879193974, 0.457656930622, 0.00271863348563, 0.254447004601, 0.707319511648, -0.706867263563, 0.00243899167404, -0.00564193805227, 1703892972464881896, 0
0.455979424181, -0.0125, 0.261141328305, -0.70667339574, 0.707536999376, 0.001330061199, -0.00152879193974, 0.457582554236, 0.00175009374972, 0.254320905062, -0.707093846894, 0.707095456779, -0.00268766654162, 0.00520414606451, 1703892972515165090, 0
0.455979424181, -0.00625, 0.261420528278, -0.70667339574, 0.707536999376, 0.001330061199, -0.00152879193974, 0.457489915411, -6.03882633521e-05, 0.254161360105, -0.706643244323, 0.70754822257, -0.00295559225348, 0.00470132594312, 1703892972565443992, 0
0.455979424181, 0.0, 0.261041277967, -0.70667339574, 0.707536999376, 0.001330061199, -0.00152879193974, 0.457442061606, -0.00239018096191, 0.254073528125, -0.705996202753, 0.708195219209, -0.0032205776403, 0.00430361088279, 1703892972615655899, 0
0.455979424181, 0.0, 0.260062241524, -0.70667339574, 0.707536999376, 0.001330061199, -0.00152879193974, 0.457434577014, -0.00371107626382, 0.254075553281, -0.705481669563, 0.708707673983, -0.00317073662628, 0.00435811626955, 1703892972665954113, 0
0.455979424181, 0.00625, 0.257323210427, -0.70667339574, 0.707536999376, 0.001330061199, -0.00152879193974, 0.457426297569, -0.00468869178141, 0.254072654005, -0.704987236728, 0.709199070416, -0.00295612370927, 0.00457557698938, 1703892972716121912, 0
0.455979424181, 0.0125, 0.256327419504, -0.70667339574, 0.707536999376, 0.001330061199, -0.00152879193974, 0.45741553083, -0.0055817830916, 0.254071502276, -0.704384949501, 0.709796630291, -0.00271785500104, 0.0048166180363, 1703892972766463041, 0
0.455979424181, 0.01875, 0.255948390057, -0.70667339574, 0.707536999376, 0.001330061199, -0.00152879193974, 0.457415223231, -0.00543636124229, 0.254067668612, -0.704454581005, 0.709727496229, -0.00269479963998, 0.00483347199843, 1703892972816746950, 0
0.455979424181, 0.025, 0.256185218792, -0.70667339574, 0.707536999376, 0.001330061199, -0.00152879193974, 0.457412897144, -0.00489137766527, 0.254052017994, -0.70466300285, 0.709520208407, -0.00253638149621, 0.00496920983031, 1703892972866986989, 0
0.455979424181, 0.025, 0.25783129365, -0.70667339574, 0.707536999376, 0.001330061199, -0.00152879193974, 0.457398472319, -0.00408919364142, 0.254011854407, -0.704936109876, 0.709248407816, -0.00229217356551, 0.00515004306045, 1703892972917268991, 0
0.455979424181, 0.0125, 0.258958038981, -0.70667339574, 0.707536999376, 0.001330061199, -0.00152879193974, 0.45735191855, -0.00254299104827, 0.253926091997, -0.705339647168, 0.708846090859, -0.0018500345842, 0.0054570120114, 1703892972967552900, 0
0.455979424181, 0.0, 0.260176196852, -0.70667339574, 0.707536999376, 0.001330061199, -0.00152879193974, 0.457327654935, -0.000522111086373, 0.253861920952, -0.705872738196, 0.708313514569, -0.00140050712788, 0.00580354464054, 1703892973017878055, 0
0.455979424181, -0.0125, 0.26137815265, -0.70667339574, 0.707536999376, 0.001330061199, -0.00152879193974, 0.457326634567, 0.00145523470817, 0.253855874311, -0.706501467031, 0.707686400862, -0.00137546567339, 0.00580889069768, 1703892973068185091, 0
0.455979424181, -0.025, 0.262409787855, -0.70667339574, 0.707536999376, 0.001330061199, -0.00152879193974, 0.457324932296, 0.00254838407959, 0.25385704243, -0.706954669142, 0.707235112321, -0.00161778470968, 0.00556546950876, 1703892973118376970, 0
0.455979424181, -0.025, 0.263462813299, -0.70667339574, 0.707536999376, 0.001330061199, -0.00152879193974, 0.457322272716, 0.00301025427411, 0.253855475633, 0.707275016884, -0.706915524134, 0.00175786044034, -0.0054223754984, 1703892973168723106, 0
0.455979424181, -0.01875, 0.263486398396, -0.70667339574, 0.707536999376, 0.001330061199, -0.00152879193974, 0.457325659207, 0.00264195049807, 0.253859661669, 0.707245514629, -0.706946022144, 0.00197160037348, -0.00521695349368, 1703892973218928098, 0
0.455979424181, -0.0125, 0.26327578675, -0.70667339574, 0.707536999376, 0.001330061199, -0.00152879193974, 0.457323047196, 0.00157605716867, 0.253853061024, -0.706975228291, 0.707217766844, -0.0023107249689, 0.00487005070516, 1703892973269217014, 0
0.455979424181, -0.00625, 0.263230003604, -0.70667339574, 0.707536999376, 0.001330061199, -0.00152879193974, 0.457329877026, 0.000169792259452, 0.253860867229, -0.706627280488, 0.707566234339, -0.00259592183631, 0.00460126975924, 1703892973319526910, 0
0.455979424181, 0.0, 0.263068178831, -0.70667339574, 0.707536999376, 0.001330061199, -0.00152879193974, 0.45732571821, -0.00148172615566, 0.253858961851, -0.70617729589, 0.708015970739, -0.00285337941498, 0.00434398145545, 1703892973369796037, 0
0.455979424181, 0.0, 0.262600641266, -0.70667339574, 0.707536999376, 0.001330061199, -0.00152879193974, 0.457312013046, -0.00442811401704, 0.253865494649, -0.705091984875, 0.709096428408, -0.00274070399, 0.00447622900276, 1703892973420125961, 0
0.455979424181, 0.00625, 0.26179186721, -0.70667339574, 0.707536999376, 0.001330061199, -0.00152879193974, 0.45730182063, -0.00529635088585, 0.253863571598, -0.704569002133, 0.709615415899, -0.0025104411361, 0.00470961105575, 1703892973471643924, 0
0.455979424181, 0.0125, 0.259942516127, -0.70667339574, 0.707536999376, 0.001330061199, -0.00152879193974, 0.457305455108, -0.00550068736789, 0.253872000511, -0.70439837494, 0.709784533073, -0.00246220897158, 0.00477320852399, 1703892973521795988, 0
0.455979424181, 0.01875, 0.259369024104, -0.70667339574, 0.707536999376, 0.001330061199, -0.00152879193974, 0.457302807977, -0.00542875977273, 0.253866443417, -0.704427169951, 0.709755923552, -0.00243446077578, 0.0047921414559, 1703892973572141885, 0
0.455979424181, 0.025, 0.259028234902, -0.70667339574, 0.707536999376, 0.001330061199, -0.00152879193974, 0.457307549195, -0.00481990873095, 0.253863331927, -0.704673662518, 0.70951070241, -0.00228574787805, 0.00493638280296, 1703892973622386932, 0
0.455979424181, 0.025, 0.257759601866, -0.70667339574, 0.707536999376, 0.001330061199, -0.00152879193974, 0.457316236215, -0.00424131697623, 0.253870060118, -0.704856432652, 0.709328397144, -0.00211563249265, 0.00511453344934, 1703892973672678947, 0
0.455979424181, 0.0125, 0.256408755795, -0.70667339574, 0.707536999376, 0.001330061199, -0.00152879193974, 0.457327268475, -0.00280328016995, 0.253869547351, -0.705253997376, 0.708931441782, -0.00175881893348, 0.00546960641479, 1703892973722913026, 0
0.455979424181, 0.0, 0.254827411712, -0.70667339574, 0.707536999376, 0.001330061199, -0.00152879193974, 0.457340165025, -0.000392630814113, 0.253876246202, -0.705935447177, 0.708250122766, -0.00129609113003, 0.00593533221253, 1703892973773179054, 0
0.455979424181, -0.0125, 0.252850644709, -0.70667339574, 0.707536999376, 0.001330061199, -0.00152879193974, 0.457336620302, 0.0011690107893, 0.253870688537, -0.706413474107, 0.707773003446, -0.00122107753044, 0.00599067299973, 1703892973823477983, 0
0.455979424181, -0.025, 0.253091499071, -0.70667339574, 0.707536999376, 0.001330061199, -0.00152879193974, 0.457331411748, 0.00242367928451, 0.25386888804, -0.706897872283, 0.707290686036, -0.00143893537732, 0.00576307852309, 1703892973873805046, 0
0.455979424181, -0.025, 0.254252596809, -0.70667339574, 0.707536999376, 0.001330061199, -0.00152879193974, 0.457320043924, 0.00306609079064, 0.253858318155, 0.707285149766, -0.706904577336, 0.00160950217024, -0.00557180087911, 1703892973924071073, 0
0.455979424181, -0.01875, 0.258271509857, -0.70667339574, 0.707536999376, 0.001330061199, -0.00152879193974, 0.457301978453, 0.00271998651732, 0.253829175773, 0.707284121559, -0.706907042898, 0.00181965752059, -0.00531911055937, 1703892973974309921, 0
0.455979424181, -0.0125, 0.260303883767, -0.70667339574, 0.707536999376, 0.001330061199, -0.00152879193974, 0.457233460658, 0.000948434944708, 0.25372005505, -0.706817566017, 0.707376477887, -0.00224241307256, 0.00473481620482, 1703892974024506092, 0
0.455979424181, -0.00625, 0.262034469168, -0.70667339574, 0.707536999376, 0.001330061199, -0.00152879193974, 0.457199141067, -0.000207187577256, 0.253665335711, -0.706538462534, 0.707656343846, -0.0024196224777, 0.00447720910914, 1703892974074788093, 0
0.455979424181, 0.0, 0.263427429145, -0.70667339574, 0.707536999376, 0.001330061199, -0.00152879193974, 0.457181761826, -0.00224234741791, 0.253640094138, -0.70595480011, 0.708239447642, -0.00266952557504, 0.00419268872797, 1703892974125144004, 0
0.455979424181, 0.0, 0.264328722764, -0.70667339574, 0.707536999376, 0.001330061199, -0.00152879193974, 0.457167381737, -0.00418901919443, 0.253638649363, -0.705168653664, 0.70902197103, -0.00258044129428, 0.00428436799397, 1703892974175684928, 0
0.455979424181, 0.00625, 0.264423686295, -0.70667339574, 0.707536999376, 0.001330061199, -0.00152879193974, 0.457165665401, -0.00505566317882, 0.253645885637, -0.704758465971, 0.709429016966, -0.00237238368732, 0.00451069000265, 1703892974226066112, 0
0.455979424181, 0.0125, 0.262142008224, -0.70667339574, 0.707536999376, 0.001330061199, -0.00152879193974, 0.457160105796, -0.00553310639255, 0.25364767654, -0.704416846842, 0.709767796489, -0.00224943274596, 0.00463907370437, 1703892974276279926, 0
0.455979424181, 0.01875, 0.260610298562, -0.70667339574, 0.707536999376, 0.001330061199, -0.00152879193974, 0.457158539307, -0.00561994787186, 0.253646001891, -0.704339299027, 0.709844645873, -0.00221717288826, 0.00467062259481, 1703892974326745986, 0
0.455979424181, 0.025, 0.259318365725, -0.70667339574, 0.707536999376, 0.001330061199, -0.00152879193974, 0.45717401455, -0.00497411991602, 0.25366079036, -0.70461838524, 0.709566971274, -0.00208526874332, 0.00482660467077, 1703892974376678943, 0
0.455979424181, 0.025, 0.258228784676, -0.70667339574, 0.707536999376, 0.001330061199, -0.00152879193974, 0.457182778624, -0.00421145713028, 0.253664380455, -0.704874720458, 0.709311405851, -0.0018730036363, 0.00504478407263, 1703892974426929950, 0
0.455979424181, 0.0125, 0.255891158582, -0.70667339574, 0.707536999376, 0.001330061199, -0.00152879193974, 0.457193473169, -0.00269705793488, 0.253664067265, -0.705307220194, 0.708879464076, -0.00149184135697, 0.00542263429297, 1703892974476947069, 0
0.455979424181, 0.0, 0.254764505923, -0.70667339574, 0.707536999376, 0.001330061199, -0.00152879193974, 0.457209837706, -0.000287086766919, 0.253673120388, -0.705994676481, 0.708192141883, -0.00106740874599, 0.00585385301408, 1703892974527225971, 0
0.455979424181, -0.0125, 0.254687492816, -0.70667339574, 0.707536999376, 0.001330061199, -0.00152879193974, 0.457211506655, 0.000940457587943, 0.25367456949, -0.706338679893, 0.707848579008, -0.000995668900401, 0.00592175035262, 1703892974577240943, 0
0.455979424181, -0.025, 0.25613286586, -0.70667339574, 0.707536999376, 0.001330061199, -0.00152879193974, 0.457200116473, 0.00242163927635, 0.253666144095, -0.706844053477, 0.707345656835, -0.00122612857642, 0.00566590066431, 1703892974627521991, 0
0.455979424181, -0.025, 0.25821717047, -0.70667339574, 0.707536999376, 0.001330061199, -0.00152879193974, 0.457194961821, 0.00296646855246, 0.253660662448, 0.70720844023, -0.70698276447, 0.00145285949883, -0.00542973377264, 1703892974677836894, 0
0.455979424181, -0.01875, 0.260396231338, -0.70667339574, 0.707536999376, 0.001330061199, -0.00152879193974, 0.457196844384, 0.00252607070041, 0.253662324631, 0.707137667063, -0.707054653465, 0.00166723358259, -0.00522083974001, 1703892974728214025, 0
0.455979424181, -0.0125, 0.262785278647, -0.70667339574, 0.707536999376, 0.001330061199, -0.00152879193974, 0.45719772568, 0.00102076590448, 0.253655976605, -0.706734730776, 0.707459231306, -0.00206870734897, 0.00481422952918, 1703892974778455018, 0
0.455979424181, -0.00625, 0.262785278647, -0.70667339574, 0.707536999376, 0.001330061199, -0.00152879193974, 0.457190570407, -0.00129695015913, 0.253651504548, -0.706138947151, 0.708055174551, -0.00244082540909, 0.0044384094482, 1703892974828695058, 0
0.455979424181, 0.0, 0.260587894204, -0.70667339574, 0.707536999376, 0.001330061199, -0.00152879193974, 0.45718787371, -0.00242172315358, 0.253652363532, -0.705771510492, 0.708421698644, -0.00255327125166, 0.00433043577356, 1703892974879105091, 0
0.455979424181, 0.0, 0.25839860796, -0.70667339574, 0.707536999376, 0.001330061199, -0.00152879193974, 0.457177612169, -0.00407944090923, 0.253653406438, -0.70513860736, 0.709051425494, -0.00247723151456, 0.00441403877399, 1703892974929351091, 0
0.455979424181, 0.00625, 0.255238538627, -0.70667339574, 0.707536999376, 0.001330061199, -0.00152879193974, 0.45716624055, -0.0052964714117, 0.253655240895, -0.704537352594, 0.70964788236, -0.00218670845268, 0.0047138272837, 1703892974979602098, 0
0.455979424181, 0.0125, 0.255251709791, -0.70667339574, 0.707536999376, 0.001330061199, -0.00152879193974, 0.45716117367, -0.00559653118559, 0.253649427398, -0.704315187547, 0.709868110292, -0.00210441360981, 0.00479103584479, 1703892975029906034, 0
0.455979424181, 0.01875, 0.256205071093, -0.70667339574, 0.707536999376, 0.001330061199, -0.00152879193974, 0.457160079926, -0.00560134959241, 0.25364887283, -0.704296482997, 0.709886605274, -0.00208510108385, 0.00480874664909, 1703892975080182075, 0
0.455979424181, 0.025, 0.257391659485, -0.70667339574, 0.707536999376, 0.001330061199, -0.00152879193974, 0.45716451494, -0.00508271477271, 0.253645968831, -0.704540450157, 0.70964409357, -0.00198257187514, 0.00490754144096, 1703892975130506038, 0
0.455979424181, 0.025, 0.258019083457, -0.70667339574, 0.707536999376, 0.001330061199, -0.00152879193974, 0.457166821166, -0.00452250758435, 0.253642337657, -0.704728228338, 0.709456926887, -0.00181301441226, 0.00507011384692, 1703892975180720090, 0
0.455979424181, 0.0125, 0.256646203281, -0.70667339574, 0.707536999376, 0.001330061199, -0.00152879193974, 0.457181030836, -0.00320774466578, 0.253648628429, -0.705139444937, 0.709046360639, -0.00146042734444, 0.00543036006717, 1703892975230932950, 0
0.455979424181, 0.0, 0.255553396504, -0.70667339574, 0.707536999376, 0.001330061199, -0.00152879193974, 0.457196700859, -0.000901952975051, 0.253657403781, -0.705671344948, 0.708513825128, -0.000964054840667, 0.00593153597872, 1703892975281259059, 0
0.455979424181, -0.0125, 0.255156593398, -0.70667339574, 0.707536999376, 0.001330061199, -0.00152879193974, 0.457200099449, 0.000690534064829, 0.253658892669, -0.706211504499, 0.707974478508, -0.000826318838474, 0.00606348842799, 1703892975331553936, 0
0.455979424181, -0.025, 0.25587922223, -0.70667339574, 0.707536999376, 0.001330061199, -0.00152879193974, 0.457195834788, 0.00196175840284, 0.253654395894, -0.706712111816, 0.707476264084, -0.00101940949571, 0.00585555920729, 1703892975381625890, 0
0.455979424181, -0.025, 0.260039716033, -0.70667339574, 0.707536999376, 0.001330061199, -0.00152879193974, 0.457188635801, 0.00273576599273, 0.25364937502, -0.707072090852, 0.707117915024, -0.00122199045409, 0.00564086248207, 1703892975431894063, 0
0.455979424181, -0.01875, 0.262381231113, -0.70667339574, 0.707536999376, 0.001330061199, -0.00152879193974, 0.457185098654, 0.00273579949621, 0.253644971887, 0.707210166654, -0.706980814165, 0.00137854302894, -0.00547797442244, 1703892975482198953, 0
0.455979424181, -0.0125, 0.264082525407, -0.70667339574, 0.707536999376, 0.001330061199, -0.00152879193974, 0.457190332033, 0.000672427671125, 0.253644430273, -0.706741397504, 0.707452524881, -0.00202445419543, 0.00483980149164, 1703892975532381057, 0
0.455979424181, -0.00625, 0.264666064879, -0.70667339574, 0.707536999376, 0.001330061199, -0.00152879193974, 0.457187756432, -0.00123633907586, 0.253644911521, -0.706273173931, 0.707921150811, -0.00237102572227, 0.00449736106675, 1703892975582678079, 0
0.455979424181, 0.0, 0.262031240643, -0.70667339574, 0.707536999376, 0.001330061199, -0.00152879193974, 0.457178183918, -0.00307540518735, 0.253643359779, -0.705700523337, 0.708492488369, -0.00255094280161, 0.00431948808209, 1703892975632888078, 0
0.455979424181, 0.0, 0.259640274786, -0.70667339574, 0.707536999376, 0.001330061199, -0.00152879193974, 0.457171881422, -0.00422014749884, 0.253646351404, -0.705205815531, 0.70898451239, -0.00242569196819, 0.00445364463885, 1703892975683207988, 0
0.455979424181, 0.00625, 0.25752122027, -0.70667339574, 0.707536999376, 0.001330061199, -0.00152879193974, 0.457165573454, -0.00513826046839, 0.253649041494, -0.704712940897, 0.709473607237, -0.00219751704046, 0.00469494257746, 1703892975733558893, 0
0.455979424181, 0.0125, 0.256217519654, -0.70667339574, 0.707536999376, 0.001330061199, -0.00152879193974, 0.457160412862, -0.00547516504338, 0.253648868789, -0.704443217215, 0.709741080615, -0.00210522366754, 0.00478750889305, 1703892975783808946, 0
0.455979424181, 0.01875, 0.256972650379, -0.70667339574, 0.707536999376, 0.001330061199, -0.00152879193974, 0.457161908866, -0.00538381654367, 0.253647768437, -0.704496741874, 0.709687935669, -0.00209880137677, 0.00479267015312, 1703892975834121942, 0
0.455979424181, 0.025, 0.257949423961, -0.70667339574, 0.707536999376, 0.001330061199, -0.00152879193974, 0.457167019106, -0.00505589321829, 0.253649212675, -0.704645928731, 0.709539542036, -0.00203375983473, 0.00485975624236, 1703892975884244918, 0
0.455979424181, 0.025, 0.25853676373, -0.70667339574, 0.707536999376, 0.001330061199, -0.00152879193974, 0.457170504151, -0.00441685693714, 0.25364541593, -0.704866204727, 0.709319940255, -0.00184239806717, 0.0050459250373, 1703892975935710906, 0
0.455979424181, 0.0125, 0.258057245117, -0.70667339574, 0.707536999376, 0.001330061199, -0.00152879193974, 0.457180348585, -0.00345326218765, 0.2536510666, -0.705174061088, 0.709012633927, -0.00159596199979, 0.00529918920825, 1703892975985820055, 0
0.455979424181, 0.0, 0.257682441975, -0.70667339574, 0.707536999376, 0.001330061199, -0.00152879193974, 0.457185582954, -0.00211834692136, 0.253645385038, -0.705565892437, 0.708620964535, -0.00127151075099, 0.00561099914055, 1703892976035989046, 0
0.455979424181, -0.0125, 0.257775775782, -0.70667339574, 0.707536999376, 0.001330061199, -0.00152879193974, 0.457198140655, 0.00154839730269, 0.253654830314, -0.706611602968, 0.707575711617, -0.000891305275255, 0.00598836006204, 1703892976086220026, 0
0.455979424181, -0.025, 0.258462665399, -0.70667339574, 0.707536999376, 0.001330061199, -0.00152879193974, 0.457189098515, 0.00219626279221, 0.253644325571, -0.706837388722, 0.707351091737, -0.000998854804437, 0.00586013755464, 1703892976136531114, 0
0.455979424181, -0.025, 0.260758799638, -0.70667339574, 0.707536999376, 0.001330061199, -0.00152879193974, 0.457185850444, 0.00297696544093, 0.253644257728, 0.707211085689, -0.706978867511, 0.00120621627716, -0.0056485584594, 1703892976186851978, 0
0.455979424181, -0.01875, 0.261671186554, -0.70667339574, 0.707536999376, 0.001330061199, -0.00152879193974, 0.45718171376, 0.00232807883544, 0.253634635677, 0.707186997453, -0.707005399282, 0.00161725948181, -0.00522498715766, 1703892976237015008, 0
0.455979424181, -0.0125, 0.262032555103, -0.70667339574, 0.707536999376, 0.001330061199, -0.00152879193974, 0.457187254476, 0.00102819154562, 0.253639459388, -0.706838401777, 0.707355521861, -0.00198568976796, 0.00486790526625, 1703892976288791894, 0
0.455979424181, -0.00625, 0.261743414397, -0.70667339574, 0.707536999376, 0.001330061199, -0.00152879193974, 0.457184558477, -0.00052402479671, 0.253635017523, -0.706444827357, 0.707749634884, -0.00226691212901, 0.00458490253892, 1703892976339143991, 0
0.455979424181, 0.0, 0.259772195341, -0.70667339574, 0.707536999376, 0.001330061199, -0.00152879193974, 0.457174490991, -0.00251973620626, 0.253634713018, -0.70586170351, 0.708331898654, -0.00250333791106, 0.00434858209724, 1703892976389770984, 0
0.455979424181, 0.0, 0.258640239009, -0.70667339574, 0.707536999376, 0.001330061199, -0.00152879193974, 0.457159662321, -0.00442656481911, 0.253631417334, -0.705113632262, 0.709076260081, -0.00239618147341, 0.0044588453669, 1703892976439901113, 0
0.455979424181, 0.00625, 0.257808605568, -0.70667339574, 0.707536999376, 0.001330061199, -0.00152879193974, 0.457155629937, -0.00506754870062, 0.253633285138, -0.704786573596, 0.709400767983, -0.00223114529436, 0.00463228395756, 1703892976490189075, 0
0.455979424181, 0.0125, 0.257508299048, -0.70667339574, 0.707536999376, 0.001330061199, -0.00152879193974, 0.457150608047, -0.00565808239004, 0.253633107376, -0.704396611224, 0.709787396589, -0.00207957711538, 0.00478968661043, 1703892976540518045, 0
0.455979424181, 0.01875, 0.258625647486, -0.70667339574, 0.707536999376, 0.001330061199, -0.00152879193974, 0.457143703122, -0.0056296719546, 0.253626176178, -0.704400476312, 0.709783542615, -0.00205056045043, 0.00480487313052, 1703892976590778112, 0
0.455979424181, 0.025, 0.259714853173, -0.70667339574, 0.707536999376, 0.001330061199, -0.00152879193974, 0.457149168645, -0.0052784609815, 0.25362836694, -0.704531127899, 0.709653458708, -0.00195711586028, 0.00490184278112, 1703892976641019105, 0
0.455979424181, 0.025, 0.260955060332, -0.70667339574, 0.707536999376, 0.001330061199, -0.00152879193974, 0.457157285462, -0.00458900015645, 0.253628803577, -0.704767113471, 0.709418147849, -0.00174603470737, 0.00511455140329, 1703892976691292047, 0
0.455979424181, 0.0125, 0.262382888685, -0.70667339574, 0.707536999376, 0.001330061199, -0.00152879193974, 0.457166988889, -0.00347640380397, 0.253629890576, -0.705115783961, 0.70906997967, -0.00143484438997, 0.00542552863907, 1703892976741385936, 0
0.455979424181, 0.0, 0.265905433312, -0.70667339574, 0.707536999376, 0.001330061199, -0.00152879193974, 0.457181986073, -0.0015392244356, 0.253637746964, -0.705602285103, 0.708582845214, -0.000964760416601, 0.0059021998801, 1703892976791650056, 0
0.455979424181, -0.0125, 0.267724521354, -0.70667339574, 0.707536999376, 0.001330061199, -0.00152879193974, 0.457192075863, 0.000946264939562, 0.253643830709, -0.706285465499, 0.707899748171, -0.000672493350063, 0.00619156821733, 1703892976841913938, 0
0.455979424181, -0.025, 0.269302234853, -0.70667339574, 0.707536999376, 0.001330061199, -0.00152879193974, 0.457186903909, 0.00203452125344, 0.253641250913, -0.706662287941, 0.707524680276, -0.000802330220124, 0.00604928655233, 1703892976892113924, 0
0.455979424181, -0.025, 0.271305366238, -0.70667339574, 0.707536999376, 0.001330061199, -0.00152879193974, 0.457183845605, 0.00296636098251, 0.253644130915, -0.707062209772, 0.707126693613, -0.00103763479211, 0.00581326116285, 1703892976942358016, 0
0.455979424181, -0.01875, 0.271778997512, -0.70667339574, 0.707536999376, 0.001330061199, -0.00152879193974, 0.457190094957, 0.00315617139992, 0.253655151749, 0.707273994823, -0.706915754845, 0.00119971511443, -0.00567207925815, 1703892976992635965, 0
0.455979424181, -0.0125, 0.272040989441, -0.70667339574, 0.707536999376, 0.001330061199, -0.00152879193974, 0.45722779388, 0.000850190983888, 0.253749654266, -0.706730640334, 0.707462046867, -0.0020081567839, 0.00502210735465, 1703892977042717933, 0
0.455979424181, -0.00625, 0.272198621221, -0.70667339574, 0.707536999376, 0.001330061199, -0.00152879193974, 0.457272825331, 4.55332234532e-05, 0.253833599957, -0.706538761498, 0.707653711845, -0.00223146620375, 0.00492170409421, 1703892977093000888, 0
0.455979424181, 0.0, 0.272314388566, -0.70667339574, 0.707536999376, 0.001330061199, -0.00152879193974, 0.457531825604, -0.00313187846576, 0.254258667681, -0.705580189816, 0.708607193096, -0.00289081935584, 0.00490762630691, 1703892977143292903, 0
0.455979424181, 0.0, 0.272402423705, -0.70667339574, 0.707536999376, 0.001330061199, -0.00152879193974, 0.457687945049, -0.00464476981999, 0.254540466868, -0.705016350774, 0.709165283907, -0.00296099667856, 0.00527045915618, 1703892977193571090, 0
0.455979424181, 0.00625, 0.272262106648, -0.70667339574, 0.707536999376, 0.001330061199, -0.00152879193974, 0.457722583592, -0.00489145810792, 0.254601282928, -0.704880928177, 0.70929913602, -0.00293887318948, 0.00538291345619, 1703892977243829011, 0
0.455979424181, 0.0125, 0.271936160814, -0.70667339574, 0.707536999376, 0.001330061199, -0.00152879193974, 0.457980119179, -0.0058501395144, 0.255037701582, -0.704307949281, 0.709863132947, -0.00302239824935, 0.00595904107949, 1703892977294040918, 0
0.455979424181, 0.01875, 0.270975554833, -0.70667339574, 0.707536999376, 0.001330061199, -0.00152879193974, 0.458132883851, -0.00570741902581, 0.255291230164, -0.704383412619, 0.709785744838, -0.0032027386214, 0.00616010691247, 1703892977344122886, 0
