0.556338733528, 0.00974294378168, 0.189563525731, 0.923784320557, -0.382912917565, 0.00043226834134, 0.000199498296951, 0.556400386535, -0.00162603444327, 0.188612820244, 0.923614056964, -0.383323503892, -2.22117432972e-05, 0.000405769753599, 1703327327400744915, 0.1
0.554844974784, 0.0196265351965, 0.189563525731, 0.923784320557, -0.382912917565, 0.00043226834134, 0.000199498296951, 0.55639914835, -0.00158048588761, 0.188609959326, 0.923630278141, -0.383284415075, -2.5435788425e-05, 0.000407204368755, 1703327327501277923, 0.2
0.552371965913, 0.0293116227831, 0.189563525731, 0.923784320557, -0.382912917565, 0.00043226834134, 0.000199498296951, 0.556396731323, -0.00084089041627, 0.188606537141, 0.923865753503, -0.382716505513, -4.1399370199e-05, 0.000379734996711, 1703327327601452112, 0.3
0.5489444164, 0.0387014363479, 0.189563525731, 0.923784320557, -0.382912917565, 0.00043226834134, 0.000199498296951, 0.556344559474, 0.002325186681, 0.188564403914, 0.924572174938, -0.381006677455, -0.000365556056268, -0.000267272739547, 1703327327701966047, 0.4
0.544596573189, 0.0477021559774, 0.189563525731, 0.923784320557, -0.382912917565, 0.00043226834134, 0.000199498296951, 0.556018645031, 0.0070127877596, 0.188268406297, 0.925199308244, -0.379476440099, -0.00123970916042, -0.00152792515738, 1703327327802375078, 0.5
0.539371878491, 0.0562238494565, 0.189563525731, 0.923784320557, -0.382912917565, 0.00043226834134, 0.000199498296951, 0.555139543942, 0.0159816797782, 0.187565801744, 0.92575569726, -0.378095057911, -0.00292933114138, -0.00345473486726, 1703327327902940034, 0.6
0.533322535728, 0.0641813708408, 0.189563525731, 0.923784320557, -0.382912917565, 0.00043226834134, 0.000199498296951, 0.554081935686, 0.0234808540838, 0.186779325004, 0.926241654367, -0.376879115145, -0.00436158749152, -0.0044166544868, 1703327328003458023, 0.7
0.526508987935, 0.071495211207, 0.189563525731, 0.923784320557, -0.382912917565, 0.00043226834134, 0.000199498296951, 0.552442493544, 0.032709003938, 0.1857954575, 0.926651640349, -0.375844017185, -0.00601444230163, -0.00467318623982, 1703327328104005098, 0.8
0.518999313827, 0.0780922930797, 0.189563525731, 0.923784320557, -0.382912917565, 0.00043226834134, 0.000199498296951, 0.550684208537, 0.0403136882342, 0.184696038263, 0.926929247224, -0.375136301478, -0.00748709988651, -0.00434387952911, 1703327328204087018, 0.9
0.510868547587, 0.0839067005978, 0.189563525731, 0.923784320557, -0.382912917565, 0.00043226834134, 0.000199498296951, 0.547423412598, 0.0505430238668, 0.183340337275, 0.927288648116, -0.374197961878, -0.0101117418234, -0.00306611773642, 1703327328304627895, 1.0
0.502197929143, 0.0888803381231, 0.189563525731, 0.923784320557, -0.382912917565, 0.00043226834134, 0.000199498296951, 0.543862861925, 0.0574991308445, 0.182812615285, 0.927463970734, -0.373677068445, -0.0131994169807, -0.00134420961438, 1703327328404846906, 1.1
0.493074092448, 0.0929635107137, 0.189563525731, 0.923784320557, -0.382912917565, 0.00043226834134, 0.000199498296951, 0.538941524227, 0.0642328839548, 0.182293718982, 0.9276435642, -0.373052703843, -0.017545479105, 0.00111987359627, 1703327328505425930, 1.2
0.483588199862, 0.0961154206587, 0.189563525731, 0.923784320557, -0.382912917565, 0.00043226834134, 0.000199498296951, 0.532745866031, 0.0716386771093, 0.181982652018, 0.927763858949, -0.372450260781, -0.0227212544475, 0.00433242062027, 1703327328605568885, 1.3
0.47383503129, 0.0983045751158, 0.189563525731, 0.923784320557, -0.382912917565, 0.00043226834134, 0.000199498296951, 0.524520677381, 0.0788864583057, 0.182132194709, 0.927869405926, -0.371639344248, -0.0294892421354, 0.00854095725192, 1703327328706108093, 1.4
0.463912037167, 0.0995091007774, 0.189563525731, 0.923784320557, -0.382912917565, 0.00043226834134, 0.000199498296951, 0.517516734589, 0.0835830848952, 0.182701026743, 0.927898552038, -0.370979151217, -0.0350861638054, 0.0121535014791, 1703327328806673049, 1.5
0.45391836477, 0.0997169624212, 0.189563525731, 0.923784320557, -0.382912917565, 0.00043226834134, 0.000199498296951, 0.509803179402, 0.0877850927153, 0.183497793957, 0.927745746573, -0.370580878574, -0.041116473618, 0.0163425135444, 1703327328907207012, 1.6
0.44395386757, 0.0989260831622, 0.189563525731, 0.923784320557, -0.382912917565, 0.00043226834134, 0.000199498296951, 0.50135782949, 0.0911709388708, 0.18485752569, 0.927628820921, -0.369881144565, -0.0474468552007, 0.0210120304326, 1703327329007685899, 1.7
0.434118107531, 0.0971443652048, 0.189563525731, 0.923784320557, -0.382912917565, 0.00043226834134, 0.000199498296951, 0.494527294414, 0.0930607147957, 0.185996429685, 0.927514958381, -0.369280677605, -0.0523610732121, 0.0246191214353, 1703327329108005046, 1.8
0.424509360314, 0.0943896108857, 0.189563525731, 0.923784320557, -0.382912917565, 0.00043226834134, 0.000199498296951, 0.485880340848, 0.0942607469286, 0.186617423235, 0.927132321983, -0.368904398096, -0.0589000259938, 0.0294277001708, 1703327329208352088, 1.9
0.415223633345, 0.0906893447996, 0.189563525731, 0.923784320557, -0.382912917565, 0.00043226834134, 0.000199498296951, 0.477932717593, 0.0946365050084, 0.18623361154, 0.926788251441, -0.368472387433, -0.0645345264095, 0.0335698017876, 1703327329308940887, 2.0
0.40635370654, 0.0860805387819, 0.189563525731, 0.923784320557, -0.382912917565, 0.00043226834134, 0.000199498296951, 0.468886614765, 0.094060353418, 0.185167394331, 0.926449479811, -0.36794982668, -0.0698433014293, 0.0377650585808, 1703327329409468889, 2.1
0.397988205274, 0.080609242499, 0.189563525731, 0.923784320557, -0.382912917565, 0.00043226834134, 0.000199498296951, 0.460816051463, 0.092606192492, 0.184102147095, 0.926026463966, -0.367890403342, -0.0737625799294, 0.0411183774603, 1703327329510014057, 2.2
0.390210714872, 0.0743301233347, 0.189563525731, 0.923784320557, -0.382912917565, 0.00043226834134, 0.000199498296951, 0.449585416236, 0.089972035921, 0.183853462782, 0.925431974905, -0.368090829669, -0.0775526225705, 0.0455015567908, 1703327329610233068, 2.3
0.383098945446, 0.0673059201721, 0.189563525731, 0.923784320557, -0.382912917565, 0.00043226834134, 0.000199498296951, 0.441486911417, 0.0877921606887, 0.184013460308, 0.925054942535, -0.368341365388, -0.079081786551, 0.0484155230424, 1703327329710787057, 2.4
0.376723955445, 0.0596068165274, 0.189563525731, 0.923784320557, -0.382912917565, 0.00043226834134, 0.000199498296951, 0.429253031152, 0.0838833214508, 0.184395149142, 0.924364197018, -0.369321859513, -0.0800939287729, 0.0523178548081, 1703327329811019897, 2.5
0.371149441663, 0.0513097392991, 0.189563525731, 0.923784320557, -0.382912917565, 0.00043226834134, 0.000199498296951, 0.419490861252, 0.0799175182216, 0.184613509545, 0.92356621273, -0.370987691779, -0.0798581049613, 0.0549205455591, 1703327329911582946, 2.6
0.366431102798, 0.0424975901404, 0.189563525731, 0.923784320557, -0.382912917565, 0.00043226834134, 0.000199498296951, 0.410999871988, 0.0757139488714, 0.184986734345, 0.922698749511, -0.372992844498, -0.0792074729942, 0.0568289699578, 1703327330011677026, 2.7
0.362616082933, 0.0332584171326, 0.189563525731, 0.923784320557, -0.382912917565, 0.00043226834134, 0.000199498296951, 0.404117892934, 0.071324086168, 0.185526341018, 0.921935313059, -0.374872472456, -0.0782792138878, 0.0581229094539, 1703327330112272024, 2.8
0.359742500485, 0.0236845350384, 0.189563525731, 0.923784320557, -0.382912917565, 0.00043226834134, 0.000199498296951, 0.395669045279, 0.0638120879185, 0.186077481759, 0.920783794614, -0.377699904925, -0.0769691916405, 0.0597973990619, 1703327330212825059, 2.9
0.35783906734, 0.013871602923, 0.189563525731, 0.923784320557, -0.382912917565, 0.00043226834134, 0.000199498296951, 0.390488948978, 0.0573875222488, 0.186832698032, 0.920226803894, -0.379203188975, -0.0755897334523, 0.0606115753186, 1703327330313369035, 3.0
0.356924801973, 0.00391766836033, 0.189563525731, 0.923784320557, -0.382912917565, 0.00043226834134, 0.000199498296951, 0.38606081503, 0.0502521432468, 0.187317471229, 0.919719582577, -0.380532647915, -0.0746738719793, 0.0611114239549, 1703327330413912057, 3.1
0.357008839421, -0.00607781222576, 0.189563525731, 0.923784320557, -0.382912917565, 0.00043226834134, 0.000199498296951, 0.38109317958, 0.0395317415943, 0.187991806518, 0.91898050797, -0.382489886833, -0.0736827968248, 0.0612140334746, 1703327330514436960, 3.2
0.358090340009, -0.0160149672973, 0.189563525731, 0.923784320557, -0.382912917565, 0.00043226834134, 0.000199498296951, 0.378428973493, 0.0311239535443, 0.188543383402, 0.91841701516, -0.384009535648, -0.0732528052865, 0.0606703330607, 1703327330614989042, 3.3
0.360158497742, -0.0257945080857, 0.189563525731, 0.923784320557, -0.382912917565, 0.00043226834134, 0.000199498296951, 0.376268771409, 0.0217242022003, 0.188794225631, 0.918058452353, -0.384991861398, -0.0733422422996, 0.0597566750627, 1703327330715564966, 3.4
0.363192648271, -0.035318720652, 0.189563525731, 0.923784320557, -0.382912917565, 0.00043226834134, 0.000199498296951, 0.375043073143, 0.00992068383714, 0.189263124945, 0.917433923087, -0.386614589878, -0.0734870775056, 0.0586839424622, 1703327330816113948, 3.5
0.367162475367, -0.0444924422125, 0.189563525731, 0.923784320557, -0.382912917565, 0.00043226834134, 0.000199498296951, 0.375120362771, 0.00121997096517, 0.189760427194, 0.917123540855, -0.387473237857, -0.0735734906361, 0.0577567505156, 1703327330916255950, 3.6
0.372028313829, -0.0532240119738, 0.189563525731, 0.923784320557, -0.382912917565, 0.00043226834134, 0.000199498296951, 0.375702726898, -0.0132419208653, 0.18998821443, 0.916598889683, -0.388926590443, -0.0741728326606, 0.0555065182975, 1703327331016701936, 3.7
0.377741545809, -0.0614261869773, 0.189563525731, 0.923784320557, -0.382912917565, 0.00043226834134, 0.000199498296951, 0.3759942893, -0.0193092139692, 0.190009338495, 0.91640135657, -0.389546137189, -0.0743828344247, 0.0541253602258, 1703327331117115974, 3.8
0.38424508658, -0.0690170138014, 0.189563525731, 0.923784320557, -0.382912917565, 0.00043226834134, 0.000199498296951, 0.376645728377, -0.0281762786251, 0.189997158636, 0.916271974234, -0.390190492036, -0.0743792028975, 0.0516215394395, 1703327331217201948, 3.9
0.391473954914, -0.0759206474138, 0.189563525731, 0.923784320557, -0.382912917565, 0.00043226834134, 0.000199498296951, 0.378257539156, -0.0389558945986, 0.189964013711, 0.916104228948, -0.391251790084, -0.0730338095818, 0.0483853398999, 1703327331317749977, 4.0
0.399355922347, -0.0820681089894, 0.189563525731, 0.923784320557, -0.382912917565, 0.00043226834134, 0.000199498296951, 0.381521903607, -0.0501553279106, 0.190008677031, 0.916330799727, -0.391844934001, -0.0694593767824, 0.0443937850023, 1703327331418253898, 4.1
0.407812234866, -0.0873979751244, 0.189563525731, 0.923784320557, -0.382912917565, 0.00043226834134, 0.000199498296951, 0.385766537476, -0.0585793883234, 0.190032764936, 0.916505611828, -0.39271991329, -0.0646728486848, 0.0400743788009, 1703327331518815040, 4.2
0.416758399792, -0.0918569915579, 0.189563525731, 0.923784320557, -0.382912917565, 0.00043226834134, 0.000199498296951, 0.390130601944, -0.0650877699725, 0.190136245408, 0.916856207715, -0.393091019941, -0.0597083236794, 0.0359034886881, 1703327331619514942, 4.3
0.426105030002, -0.095400605272, 0.189563525731, 0.923784320557, -0.382912917565, 0.00043226834134, 0.000199498296951, 0.39551772105, -0.0720556111404, 0.19034680758, 0.917135827871, -0.393748987471, -0.053415331171, 0.0311514124384, 1703327331719966888, 4.4
0.435758737057, -0.0979934096495, 0.189563525731, 0.923784320557, -0.382912917565, 0.00043226834134, 0.000199498296951, 0.400626224186, -0.0769846182346, 0.190657385222, 0.917348925799, -0.394303922859, -0.0473642239701, 0.0274225279749, 1703327331820554971, 4.5
0.445623064306, -0.0996094982463, 0.189563525731, 0.923784320557, -0.382912917565, 0.00043226834134, 0.000199498296951, 0.405898691008, -0.0813745576274, 0.191034737386, 0.91756867388, -0.394733072869, -0.0411525654184, 0.0236642400639, 1703327331920794010, 4.6
0.455599450654, -0.100232723639, 0.189563525731, 0.923784320557, -0.382912917565, 0.00043226834134, 0.000199498296951, 0.412184302068, -0.0852818724782, 0.191512848859, 0.91797742602, -0.394689840963, -0.0338716838583, 0.0197505390111, 1703327332021359920, 4.7
0.465588215344, -0.0998568587666, 0.189563525731, 0.923784320557, -0.382912917565, 0.00043226834134, 0.000199498296951, 0.418878949748, -0.088757695905, 0.191864074575, 0.918272770652, -0.394741934847, -0.026271392931, 0.0162399958566, 1703327332121737957, 4.8
0.475489553942, -0.0984856591454, 0.189563525731, 0.923784320557, -0.382912917565, 0.00043226834134, 0.000199498296951, 0.427295052281, -0.091758404943, 0.192133801775, 0.918413243231, -0.395044979927, -0.0170044395233, 0.0129393789801, 1703327332222297906, 4.9
0.485204535546, -0.0961328253493, 0.189563525731, 0.923784320557, -0.382912917565, 0.00043226834134, 0.000199498296951, 0.433859450683, -0.0929675726407, 0.191971652827, 0.918501097423, -0.395127758767, -0.0102001801677, 0.0112135903547, 1703327332322858095, 5.0
0.494636091271, -0.0928218661158, 0.189563525731, 0.923784320557, -0.382912917565, 0.00043226834134, 0.000199498296951, 0.445067357827, -0.0946685480843, 0.19109420206, 0.918636167951, -0.39500409188, 0.000588145706126, 0.00888889273576, 1703327332423842906, 5.1
0.50368998413, -0.088585863455, 0.189563525731, 0.923784320557, -0.382912917565, 0.00043226834134, 0.000199498296951, 0.45366685617, -0.0955912421468, 0.189800544875, 0.918761466773, -0.394661257254, 0.00823761819256, 0.00721116095319, 1703327332524399995, 5.2
0.512275750618, -0.0834671421054, 0.189563525731, 0.923784320557, -0.382912917565, 0.00043226834134, 0.000199498296951, 0.461225138198, -0.0956301790401, 0.189023903892, 0.91895952888, -0.39402342819, 0.0152047500702, 0.00526667763684, 1703327332625029087, 5.3
0.520307604594, -0.0775168466386, 0.189563525731, 0.923784320557, -0.382912917565, 0.00043226834134, 0.000199498296951, 0.469519177233, -0.094440473264, 0.188542331932, 0.919232219361, -0.39306083864, 0.0225547352332, 0.00256669706976, 1703327332725574016, 5.4
0.527705294429, -0.07079443044, 0.189563525731, 0.923784320557, -0.382912917565, 0.00043226834134, 0.000199498296951, 0.476330309601, -0.092489515671, 0.18789653757, 0.919568670176, -0.391916048614, 0.0282004541239, 7.78273215716e-05, 1703327332826193094, 5.5
0.534394904851, -0.0633670616702, 0.189563525731, 0.923784320557, -0.382912917565, 0.00043226834134, 0.000199498296951, 0.485253499627, -0.0888508858656, 0.186776238836, 0.920219227355, -0.389802956411, 0.0352275546467, -0.00304108078838, 1703327332926405906, 5.6
0.540309595484, -0.0553089521428, 0.189563525731, 0.923784320557, -0.382912917565, 0.00043226834134, 0.000199498296951, 0.491473537706, -0.0847989369938, 0.186522159734, 0.920739138805, -0.388057597587, 0.0402420044574, -0.00559645474957, 1703327333026958942, 5.7
0.545390268694, -0.0467006158244, 0.189563525731, 0.923784320557, -0.382912917565, 0.00043226834134, 0.000199498296951, 0.498582076647, -0.0787177196048, 0.186552968156, 0.92143272273, -0.38574825761, 0.045613508595, -0.00891218644819, 1703327333127306938, 5.8
0.549586160074, -0.037628064366, 0.189563525731, 0.923784320557, -0.382912917565, 0.00043226834134, 0.000199498296951, 0.504325326369, -0.0734946119501, 0.186556111499, 0.92194107665, -0.383978444272, 0.0494477172247, -0.0118376003488, 1703327333227829933, 5.9
0.552855345665, -0.0281819477029, 0.189563525731, 0.923784320557, -0.382912917565, 0.00043226834134, 0.000199498296951, 0.511920988183, -0.0655484461711, 0.185890765505, 0.922724175914, -0.381402002322, 0.053650461811, -0.0153047625306, 1703327333328368902, 6.0
0.555165160844, -0.0184566483102, 0.189563525731, 0.923784320557, -0.382912917565, 0.00043226834134, 0.000199498296951, 0.516747041444, -0.0593274626835, 0.185795292465, 0.923342917898, -0.379465715754, 0.0559512517632, -0.0176941787148, 1703327333428713083, 6.1
0.556492526702, -0.00854933816475, 0.189563525731, 0.923784320557, -0.382912917565, 0.00043226834134, 0.000199498296951, 0.52135670893, -0.0516439549041, 0.185950523422, 0.923941370526, -0.377587611474, 0.057870341385, -0.0202722243704, 1703327333528770923, 6.2
0.556824180638, 0.00144099216543, 0.189563525731, 0.923784320557, -0.382912917565, 0.00043226834134, 0.000199498296951, 0.52653451313, -0.0416321517193, 0.185751262951, 0.924404873318, -0.375939002867, 0.0600534925319, -0.0232179745649, 1703327333629300117, 0.0168146928204
0.556156808876, 0.011414522602, 0.189563525731, 0.923784320557, -0.382912917565, 0.00043226834134, 0.000199498296951, 0.529720212385, -0.0337389181787, 0.185441852924, 0.924710420363, -0.37491584471, 0.0608493310587, -0.0254186303114, 1703327333729476928, 0.11681469282
0.554497079573, 0.0212716009258, 0.189563525731, 0.923784320557, -0.382912917565, 0.00043226834134, 0.000199498296951, 0.533053137163, -0.0208737563837, 0.185842471259, 0.925159480162, -0.373526013947, 0.0615185941638, -0.0278157463327, 1703327333829988956, 0.21681469282
0.551861576196, 0.0309137384683, 0.189563525731, 0.923784320557, -0.382912917565, 0.00043226834134, 0.000199498296951, 0.533941753038, -0.0112387536564, 0.186211526679, 0.925509526604, -0.372523649421, 0.0617008328256, -0.0291762577403, 1703327333930507898, 0.31681469282
0.548276631824, 0.0402445941787, 0.189563525731, 0.923784320557, -0.382912917565, 0.00043226834134, 0.000199498296951, 0.534177322616, -0.00483390644727, 0.186312358885, 0.925794560208, -0.371774943517, 0.061456850655, -0.0301807748283, 1703327334031054973, 0.41681469282
0.543778066035, 0.0491709372309, 0.189563525731, 0.923784320557, -0.382912917565, 0.00043226834134, 0.000199498296951, 0.534199670077, 0.00676454517626, 0.186336037995, 0.926110326889, -0.37097950002, 0.0609284843641, -0.0313303812348, 1703327334131582021, 0.51681469282
0.538410827013, 0.0576035785558, 0.189563525731, 0.923784320557, -0.382912917565, 0.00043226834134, 0.000199498296951, 0.53401747691, 0.0155888672778, 0.18630499293, 0.926353255703, -0.370379623595, 0.0605340894232, -0.0320031887784, 1703327334232166051, 0.61681469282
0.532228542434, 0.0654582619889, 0.189563525731, 0.923784320557, -0.382912917565, 0.00043226834134, 0.000199498296951, 0.533606209826, 0.0241301607835, 0.186196020935, 0.926628702214, -0.369721761424, 0.0600132772233, -0.0326109478454, 1703327334332600116, 0.71681469282
0.525292983644, 0.0726565061296, 0.189563525731, 0.923784320557, -0.382912917565, 0.00043226834134, 0.000199498296951, 0.532556112168, 0.0345942898159, 0.185859334656, 0.926864128862, -0.369256250164, 0.0589497971155, -0.0331304959949, 1703327334433171033, 0.81681469282
0.517673448453, 0.0791263885019, 0.189563525731, 0.923784320557, -0.382912917565, 0.00043226834134, 0.000199498296951, 0.531402205716, 0.041420730001, 0.185391254223, 0.927143354467, -0.368713356182, 0.0578157685692, -0.0333616268299, 1703327334533693075, 0.91681469282
0.509446068738, 0.0848032641799, 0.189563525731, 0.923784320557, -0.382912917565, 0.00043226834134, 0.000199498296951, 0.529656147083, 0.0483489737192, 0.184671382685, 0.927366605208, -0.368420250029, 0.0561921276357, -0.0331684142759, 1703327334634241104, 1.01681469282
0.500693049757, 0.0896304116982, 0.189563525731, 0.923784320557, -0.382912917565, 0.00043226834134, 0.000199498296951, 0.526376554788, 0.0573815194546, 0.183416548741, 0.927542793197, -0.368509476636, 0.0531775158037, -0.0322068972583, 1703327334734468936, 1.11681469282
0.491501848784, 0.0935595997945, 0.189563525731, 0.923784320557, -0.382912917565, 0.00043226834134, 0.000199498296951, 0.521671771207, 0.0663109070927, 0.181861576649, 0.927976149401, -0.368183908734, 0.0487575153862, -0.0303904620768, 1703327334834971904, 1.21681469282
0.481964301258, 0.0965515693201, 0.189563525731, 0.923784320557, -0.382912917565, 0.00043226834134, 0.000199498296951, 0.51858567463, 0.0702882041896, 0.180976626549, 0.928176204504, -0.368172117783, 0.0458949582373, -0.0288422933922, 1703327334935523986, 1.31681469282
0.472175703204, 0.0985764255047, 0.189563525731, 0.923784320557, -0.382912917565, 0.00043226834134, 0.000199498296951, 0.510932418823, 0.0774866794853, 0.17959096098, 0.928580052477, -0.368217907234, 0.0389617367118, -0.025231765811, 1703327335036057949, 1.41681469282
0.462233859056, 0.0996139366545, 0.189563525731, 0.923784320557, -0.382912917565, 0.00043226834134, 0.000199498296951, 0.503283871291, 0.0831650201673, 0.17908164806, 0.928953631653, -0.368124413954, 0.0324623448068, -0.0218119751519, 1703327335136595964, 1.51681469282
0.452238104436, 0.099653736301, 0.189563525731, 0.923784320557, -0.382912917565, 0.00043226834134, 0.000199498296951, 0.496791677415, 0.0865376290673, 0.178937767814, 0.929214394141, -0.36807512931, 0.0267137469125, -0.019175104465, 1703327335237162113, 1.61681469282
0.442288313619, 0.0986954267793, 0.189563525731, 0.923784320557, -0.382912917565, 0.00043226834134, 0.000199498296951, 0.490356771898, 0.0891862973732, 0.178873724976, 0.929431704393, -0.368027320299, 0.0211299930783, -0.0163132392844, 1703327335337619066, 1.71681469282
0.432483901626, 0.0967485832015, 0.189563525731, 0.923784320557, -0.382912917565, 0.00043226834134, 0.000199498296951, 0.483763151821, 0.0909013644544, 0.17873631262, 0.929622723701, -0.367963099967, 0.0152784476179, -0.0130888379683, 1703327335438159942, 1.81681469282
0.422922830902, 0.093832657785, 0.189563525731, 0.923784320557, -0.382912917565, 0.00043226834134, 0.000199498296951, 0.474725672159, 0.0921759875814, 0.178615569161, 0.929872553768, -0.367710126165, 0.00709641386767, -0.0087142282844, 1703327335538605928, 1.91681469282
0.413700632503, 0.0899767854926, 0.189563525731, 0.923784320557, -0.382912917565, 0.00043226834134, 0.000199498296951, 0.464554419348, 0.0918416580329, 0.178958852327, 0.930034537826, -0.367449189084, -0.00201658010381, -0.00357565330381, 1703327335638751029, 2.01681469282
0.404909451588, 0.0852194929258, 0.189563525731, 0.923784320557, -0.382912917565, 0.00043226834134, 0.000199498296951, 0.459450664101, 0.0911589839688, 0.179508273353, 0.930024152333, -0.367444962273, -0.00619160388691, -0.000969441920215, 1703327335738831043, 2.11681469282
0.396637126732, 0.0796083133793, 0.189563525731, 0.923784320557, -0.382912917565, 0.00043226834134, 0.000199498296951, 0.448973809765, 0.0894789135837, 0.180642087267, 0.929926610394, -0.367415905394, -0.0148505950034, 0.00463805695906, 1703327335839401960, 2.21681469282
0.388966312268, 0.0731993119044, 0.189563525731, 0.923784320557, -0.382912917565, 0.00043226834134, 0.000199498296951, 0.440533714742, 0.0880014526344, 0.181437499085, 0.929756344409, -0.367421305903, -0.0216989006444, 0.00915869587932, 1703327335940989971, 2.31681469282
0.38197365244, 0.0660565251252, 0.189563525731, 0.923784320557, -0.382912917565, 0.00043226834134, 0.000199498296951, 0.433446976903, 0.0865053025783, 0.182156242184, 0.929469356674, -0.367672590882, -0.0271974372012, 0.0128015752014, 1703327336041532993, 2.41681469282
0.375729015594, 0.0582513214062, 0.189563525731, 0.923784320557, -0.382912917565, 0.00043226834134, 0.000199498296951, 0.426429820698, 0.0844450267714, 0.1824925702, 0.928969523222, -0.368433037563, -0.0318434035248, 0.0160847570545, 1703327336142081022, 2.51681469282
0.370294796076, 0.0498616877628, 0.189563525731, 0.923784320557, -0.382912917565, 0.00043226834134, 0.000199498296951, 0.416976689145, 0.0807017794432, 0.182941692855, 0.928037955626, -0.369982790092, -0.0378175174065, 0.0206911413392, 1703327336242563009, 2.61681469282
0.365725290812, 0.0409714506412, 0.189563525731, 0.923784320557, -0.382912917565, 0.00043226834134, 0.000199498296951, 0.410581359778, 0.0771890436264, 0.183572218078, 0.927225594019, -0.371467146797, -0.0411656517903, 0.0238798190567, 1703327336343163013, 2.71681469282
0.362066156787, 0.0316694383519, 0.189563525731, 0.923784320557, -0.382912917565, 0.00043226834134, 0.000199498296951, 0.403465106797, 0.0713767565992, 0.18378293865, 0.926070590457, -0.373695583512, -0.0443154497581, 0.02794661459, 1703327336443742036, 2.81681469282
0.35935395486, 0.022048593527, 0.189563525731, 0.923784320557, -0.382912917565, 0.00043226834134, 0.000199498296951, 0.394603215282, 0.061774958629, 0.18427526927, 0.924448932267, -0.376823669779, -0.0478312299986, 0.0333206686751, 1703327336544251918, 2.91681469282
0.357615784455, 0.0122050444677, 0.189563525731, 0.923784320557, -0.382912917565, 0.00043226834134, 0.000199498296951, 0.391268750495, 0.0565891749701, 0.184490545606, 0.923686423897, -0.378344038934, -0.0489914848338, 0.0354825721223, 1703327336644846916, 3.01681469282
0.356869012796, 0.00223714466234, 0.189563525731, 0.923784320557, -0.382912917565, 0.00043226834134, 0.000199498296951, 0.385740199979, 0.0458681075784, 0.184507601142, 0.922399144711, -0.380901241119, -0.0509064196964, 0.0387633691105, 1703327336745253086, 3.11681469282
0.35712110138, -0.00775550992918, 0.189563525731, 0.923784320557, -0.382912917565, 0.00043226834134, 0.000199498296951, 0.382585295683, 0.0365031062049, 0.184023189585, 0.921712805279, -0.382246767618, -0.0518135489834, 0.0405988838761, 1703327336845556020, 3.21681469282
0.358369531421, -0.0176730760053, 0.189563525731, 0.923784320557, -0.382912917565, 0.00043226834134, 0.000199498296951, 0.380224466483, 0.0261566790421, 0.183513288632, 0.920900651946, -0.383961283009, -0.052478081717, 0.0419734837162, 1703327336946067094, 3.31681469282
0.360601829017, -0.0274164605241, 0.189563525731, 0.923784320557, -0.382912917565, 0.00043226834134, 0.000199498296951, 0.378412283988, 0.0153289009743, 0.182715587377, 0.920099603959, -0.385662862462, -0.053300886615, 0.0428939482658, 1703327337046659946, 3.41681469282
0.36379568979, -0.0368883108082, 0.189563525731, 0.923784320557, -0.382912917565, 0.00043226834134, 0.000199498296951, 0.377913568933, 0.00578202170516, 0.182690107233, 0.919676691557, -0.386626344482, -0.0537150783729, 0.0427731588127, 1703327337147201061, 3.51681469282
0.367919201737, -0.0459939872605, 0.189563525731, 0.923784320557, -0.382912917565, 0.00043226834134, 0.000199498296951, 0.377983948975, -0.00301608388223, 0.182906898781, 0.919327514526, -0.387458518541, -0.053846771214, 0.0425833614907, 1703327337247526884, 3.61681469282
0.372931164092, -0.0546425089719, 0.189563525731, 0.923784320557, -0.382912917565, 0.00043226834134, 0.000199498296951, 0.377902540994, -0.0148795848841, 0.18305807891, 0.918785219236, -0.38875273303, -0.0543073651484, 0.0419015938462, 1703327337347584962, 3.71681469282
0.378781498983, -0.0627474627723, 0.189563525731, 0.923784320557, -0.382912917565, 0.00043226834134, 0.000199498296951, 0.377784754453, -0.0232970952864, 0.183171920866, 0.918584811051, -0.389279667857, -0.0546079632445, 0.041003115125, 1703327337448167085, 3.81681469282
