0.556338733528, 0.00974294378168, 0.259128361324, -0.706889231588, 0.707324135439, -0.000210674897651, -0.000370549082964, 0.561196114405, 0.0437543750374, 0.252668647655, 0.712897188994, -0.701243911103, 0.00212613279896, -0.0054822098877, 1703847043797297000, 0.1
0.554844974784, 0.0196265351965, 0.259128361324, -0.706889231588, 0.707324135439, -0.000210674897651, -0.000370549082964, 0.561187130785, 0.0438335096009, 0.252666324194, 0.712945357996, -0.701194951382, 0.0021189910388, -0.00548329683982, 1703847043897804021, 0.2
0.552371965913, 0.0293116227831, 0.259128361324, -0.706889231588, 0.707324135439, -0.000210674897651, -0.000370549082964, 0.561038980492, 0.0456176453248, 0.252659207187, 0.71378681766, -0.700337605122, 0.00190104998926, -0.00565718971404, 1703847043998157024, 0.3
0.5489444164, 0.0387014363479, 0.259128361324, -0.706889231588, 0.707324135439, -0.000210674897651, -0.000370549082964, 0.560638615042, 0.0502347077002, 0.252658122695, 0.714652415649, -0.699451119844, 0.00122604419833, -0.00620907175282, 1703847044098432064, 0.4
0.544596573189, 0.0477021559774, 0.259128361324, -0.706889231588, 0.707324135439, -0.000210674897651, -0.000370549082964, 0.559919867221, 0.0571683786582, 0.252606409268, 0.715118481679, -0.698969871663, 0.000332717355978, -0.00682385284856, 1703847044199114084, 0.5
0.539371878491, 0.0562238494565, 0.259128361324, -0.706889231588, 0.707324135439, -0.000210674897651, -0.000370549082964, 0.558805094964, 0.06462577478, 0.252404197105, 0.715439349127, -0.698640480128, -0.000510902229002, -0.00691058802942, 1703847044299634933, 0.6
0.533322535728, 0.0641813708408, 0.259128361324, -0.706889231588, 0.707324135439, -0.000210674897651, -0.000370549082964, 0.556606544462, 0.0761776039888, 0.251969102281, 0.715794215751, -0.698282587005, -0.00138171257506, -0.00617739856839, 1703847044400544881, 0.7
0.526508987935, 0.071495211207, 0.259128361324, -0.706889231588, 0.707324135439, -0.000210674897651, -0.000370549082964, 0.554609327131, 0.0843846072782, 0.251558986506, 0.716157786271, -0.697915032279, -0.00217689247623, -0.00528147915449, 1703847044501096963, 0.8
0.518999313827, 0.0780922930797, 0.259128361324, -0.706889231588, 0.707324135439, -0.000210674897651, -0.000370549082964, 0.551438934295, 0.0941159871407, 0.251015997935, 0.716356658788, -0.697716434806, -0.00356650156788, -0.00349200204917, 1703847044601608037, 0.9
0.510868547587, 0.0839067005978, 0.259128361324, -0.706889231588, 0.707324135439, -0.000210674897651, -0.000370549082964, 0.548248941312, 0.101688144674, 0.250684626899, 0.716514548516, -0.697552924271, -0.00496017720985, -0.00148870686564, 1703847044702136039, 1.0
0.502197929143, 0.0888803381231, 0.259128361324, -0.706889231588, 0.707324135439, -0.000210674897651, -0.000370549082964, 0.544665877386, 0.108261252311, 0.250609371213, 0.71685044409, -0.697194679806, -0.0066252753847, 0.00106065280118, 1703847044802386999, 1.1
0.493074092448, 0.0929635107137, 0.259128361324, -0.706889231588, 0.707324135439, -0.000210674897651, -0.000370549082964, 0.539215840138, 0.116760396538, 0.250631411644, 0.717114493872, -0.696877664107, -0.00906524347623, 0.00511324826521, 1703847044902550935, 1.2
0.483588199862, 0.0961154206587, 0.259128361324, -0.706889231588, 0.707324135439, -0.000210674897651, -0.000370549082964, 0.5318483295, 0.125247088038, 0.250386075455, 0.717469245408, -0.69638268781, -0.0126708806169, 0.0113350252141, 1703847045003381013, 1.3
0.47383503129, 0.0983045751158, 0.259128361324, -0.706889231588, 0.707324135439, -0.000210674897651, -0.000370549082964, 0.525140448769, 0.131401504354, 0.250437940208, 0.717399899263, -0.696269092781, -0.015860012274, 0.0171812393367, 1703847045103925943, 1.4
0.463912037167, 0.0995091007774, 0.259128361324, -0.706889231588, 0.707324135439, -0.000210674897651, -0.000370549082964, 0.519672851131, 0.136016185968, 0.250537609952, 0.717559087238, -0.695908784413, -0.0183295695707, 0.0219987949091, 1703847045204442024, 1.5
0.45391836477, 0.0997169624212, 0.259128361324, -0.706889231588, 0.707324135439, -0.000210674897651, -0.000370549082964, 0.511344463883, 0.141114041002, 0.250660218729, 0.717538706069, -0.695520760467, -0.0222224440298, 0.0299205620481, 1703847045304989099, 1.6
0.44395386757, 0.0989260831622, 0.259128361324, -0.706889231588, 0.707324135439, -0.000210674897651, -0.000370549082964, 0.505348413054, 0.144289309225, 0.250986995559, 0.717340322171, -0.695377667945, -0.0246983852912, 0.0355352061305, 1703847045405388116, 1.7
0.434118107531, 0.0971443652048, 0.259128361324, -0.706889231588, 0.707324135439, -0.000210674897651, -0.000370549082964, 0.498124639111, 0.146901107149, 0.251658317187, 0.716961007452, -0.695272371617, -0.0276019526404, 0.0424426114808, 1703847045505943059, 1.8
0.424509360314, 0.0943896108857, 0.259128361324, -0.706889231588, 0.707324135439, -0.000210674897651, -0.000370549082964, 0.489954212742, 0.148425744846, 0.253167620568, 0.716906431626, -0.694725992492, -0.0304716068057, 0.0497236847726, 1703847045606450080, 1.9
0.415223633345, 0.0906893447996, 0.259128361324, -0.706889231588, 0.707324135439, -0.000210674897651, -0.000370549082964, 0.482608000369, 0.148760961714, 0.253881743105, 0.716789787903, -0.694308261152, -0.0325572271385, 0.0555739634676, 1703847045706738948, 2.0
0.40635370654, 0.0860805387819, 0.259128361324, -0.706889231588, 0.707324135439, -0.000210674897651, -0.000370549082964, 0.470973034048, 0.14753793095, 0.25397506697, 0.716341524812, -0.693978889635, -0.0352548669771, 0.0632867673727, 1703847045807491064, 2.1
0.397988205274, 0.080609242499, 0.259128361324, -0.706889231588, 0.707324135439, -0.000210674897651, -0.000370549082964, 0.462678194399, 0.145771760617, 0.253248928982, 0.715712237412, -0.694184568962, -0.0364166194825, 0.0673617640715, 1703847045907872915, 2.2
0.390210714872, 0.0743301233347, 0.259128361324, -0.706889231588, 0.707324135439, -0.000210674897651, -0.000370549082964, 0.453315033185, 0.143362220979, 0.252375547539, 0.714751782659, -0.69480402619, -0.0367255285153, 0.0709118461927, 1703847046008299112, 2.3
0.383098945446, 0.0673059201721, 0.259128361324, -0.706889231588, 0.707324135439, -0.000210674897651, -0.000370549082964, 0.442232388952, 0.140367053735, 0.251747453596, 0.713511218876, -0.695769079259, -0.0362073336201, 0.0741360767583, 1703847046108891010, 2.4
0.376723955445, 0.0596068165274, 0.259128361324, -0.706889231588, 0.707324135439, -0.000210674897651, -0.000370549082964, 0.43342208509, 0.137670680395, 0.251668305147, 0.712452472955, -0.696685594177, -0.0350437042633, 0.0762403793159, 1703847046208929061, 2.5
0.371149441663, 0.0513097392991, 0.259128361324, -0.706889231588, 0.707324135439, -0.000210674897651, -0.000370549082964, 0.420105705577, 0.132000039704, 0.251986214567, 0.710813942851, -0.698168705656, -0.0313618853393, 0.0795011272869, 1703847046308963060, 2.6
0.366431102798, 0.0424975901404, 0.259128361324, -0.706889231588, 0.707324135439, -0.000210674897651, -0.000370549082964, 0.414590949108, 0.128887250936, 0.25248143122, 0.709993126496, -0.69897158861, -0.029158662196, 0.0806117303025, 1703847046409481048, 2.7
0.362616082933, 0.0332584171326, 0.259128361324, -0.706889231588, 0.707324135439, -0.000210674897651, -0.000370549082964, 0.403777309881, 0.121112147723, 0.252964475372, 0.708253150822, -0.700640486314, -0.0251820539878, 0.0827420536708, 1703847046510004997, 2.8
0.359742500485, 0.0236845350384, 0.259128361324, -0.706889231588, 0.707324135439, -0.000210674897651, -0.000370549082964, 0.397119198395, 0.115013539848, 0.253285890269, 0.707065290755, -0.701812499008, -0.0230949840921, 0.0835733962179, 1703847046610996961, 2.9
0.35783906734, 0.013871602923, 0.259128361324, -0.706889231588, 0.707324135439, -0.000210674897651, -0.000370549082964, 0.391950495758, 0.10895993664, 0.253616629896, 0.705775116138, -0.703130787956, -0.0219522033755, 0.0837059211503, 1703847046711280107, 3.0
0.356924801973, 0.00391766836033, 0.259128361324, -0.706889231588, 0.707324135439, -0.000210674897651, -0.000370549082964, 0.385661267751, 0.0996820465064, 0.254151736117, -0.704154701954, 0.704843409107, 0.0212126314736, -0.0831381297622, 1703847046811853885, 3.1
0.357008839421, -0.00607781222576, 0.259128361324, -0.706889231588, 0.707324135439, -0.000210674897651, -0.000370549082964, 0.381894674299, 0.0923403929761, 0.254570473826, -0.703068880256, 0.706025433057, 0.0212998185827, -0.0822712296028, 1703847046912193059, 3.2
0.358090340009, -0.0160149672973, 0.259128361324, -0.706889231588, 0.707324135439, -0.000210674897651, -0.000370549082964, 0.378490473186, 0.0835391028196, 0.255298832019, -0.702152933083, 0.707116983126, 0.0219607510879, -0.0805267418306, 1703847047012629032, 3.3
0.360158497742, -0.0257945080857, 0.259128361324, -0.706889231588, 0.707324135439, -0.000210674897651, -0.000370549082964, 0.375376911086, 0.0719346026141, 0.255988768316, -0.701037321173, 0.708428462419, 0.0233819127812, -0.0782884034344, 1703847047113181114, 3.4
0.363192648271, -0.035318720652, 0.259128361324, -0.706889231588, 0.707324135439, -0.000210674897651, -0.000370549082964, 0.374004830844, 0.0630642138784, 0.256695378979, -0.700492850552, 0.709124269897, 0.024278570252, -0.0765707985852, 1703847047213706970, 3.5
0.367162475367, -0.0444924422125, 0.259128361324, -0.706889231588, 0.707324135439, -0.000210674897651, -0.000370549082964, 0.373439127164, 0.0495282099248, 0.257564617378, -0.699476052698, 0.710314891842, 0.0255055259615, -0.0744007679768, 1703847047314254999, 3.6
0.372028313829, -0.0532240119738, 0.259128361324, -0.706889231588, 0.707324135439, -0.000210674897651, -0.000370549082964, 0.374435365204, 0.0407010346839, 0.258227254689, -0.699179257389, 0.710728924588, 0.0271327860838, -0.0726400282876, 1703847047414562940, 3.7
0.377741545809, -0.0614261869773, 0.259128361324, -0.706889231588, 0.707324135439, -0.000210674897651, -0.000370549082964, 0.375766538331, 0.0308976409911, 0.258706467589, -0.69849314017, 0.711533193403, 0.0288195609499, -0.0706914473451, 1703847047514759063, 3.8
0.38424508658, -0.0690170138014, 0.259128361324, -0.706889231588, 0.707324135439, -0.000210674897651, -0.000370549082964, 0.377117294532, 0.0216203881373, 0.259114274788, -0.698114402802, 0.712082235209, 0.0305717682871, -0.0681214935513, 1703847047615334033, 3.9
0.391473954914, -0.0759206474138, 0.259128361324, -0.706889231588, 0.707324135439, -0.000210674897651, -0.000370549082964, 0.378602583146, 0.0127776132299, 0.25946393711, -0.697651705722, 0.712755878979, 0.0319656485757, -0.065110304834, 1703847047721558094, 4.0
0.399355922347, -0.0820681089894, 0.259128361324, -0.706889231588, 0.707324135439, -0.000210674897651, -0.000370549082964, 0.380542194414, 0.00376924989503, 0.259829285107, -0.697318934961, 0.71336027233, 0.0321662061668, -0.0618769746121, 1703847047822088956, 4.1
0.407812234866, -0.0873979751244, 0.259128361324, -0.706889231588, 0.707324135439, -0.000210674897651, -0.000370549082964, 0.38370253647, -0.00626674801522, 0.260305656937, -0.697156908307, 0.713983696868, 0.0314899238288, -0.0566384189833, 1703847047922595024, 4.2
0.416758399792, -0.0918569915579, 0.259128361324, -0.706889231588, 0.707324135439, -0.000210674897651, -0.000370549082964, 0.388053511906, -0.0153665684819, 0.260860138177, -0.697035056132, 0.714700630069, 0.0295860770493, -0.0496971221146, 1703847048023129940, 4.3
0.426105030002, -0.095400605272, 0.259128361324, -0.706889231588, 0.707324135439, -0.000210674897651, -0.000370549082964, 0.393060776253, -0.0223555238718, 0.261144263461, -0.697287778953, 0.715018954852, 0.0264560497598, -0.0428686943741, 1703847048123645067, 4.4
0.435758737057, -0.0979934096495, 0.259128361324, -0.706889231588, 0.707324135439, -0.000210674897651, -0.000370549082964, 0.398056387071, -0.0278883938727, 0.260939149098, -0.69725065717, 0.715501667833, 0.0231197724155, -0.036937251218, 1703847048223846912, 4.5
0.445623064306, -0.0996094982463, 0.259128361324, -0.706889231588, 0.707324135439, -0.000210674897651, -0.000370549082964, 0.404721287535, -0.033095548354, 0.260092104471, -0.697278754192, 0.715932671568, 0.0187412814012, -0.0298582167035, 1703847048324362993, 4.6
0.455599450654, -0.100232723639, 0.259128361324, -0.706889231588, 0.707324135439, -0.000210674897651, -0.000370549082964, 0.410471036532, -0.0363723105287, 0.259152258976, -0.697616724281, 0.715905468969, 0.0150647144266, -0.0241520161257, 1703847048424619913, 4.7
0.465588215344, -0.0998568587666, 0.259128361324, -0.706889231588, 0.707324135439, -0.000210674897651, -0.000370549082964, 0.417067676836, -0.0395926635834, 0.257984066697, -0.697814592053, 0.715972871175, 0.0106702689831, -0.0179941162392, 1703847048525198936, 4.8
0.475489553942, -0.0984856591454, 0.259128361324, -0.706889231588, 0.707324135439, -0.000210674897651, -0.000370549082964, 0.423624445689, -0.0420626424125, 0.257481773369, -0.697732179171, 0.716233997911, 0.0056879946875, -0.0120959953313, 1703847048625729084, 4.9
0.485204535546, -0.0961328253493, 0.259128361324, -0.706889231588, 0.707324135439, -0.000210674897651, -0.000370549082964, 0.432201389764, -0.044164971238, 0.257106109167, -0.697725827361, 0.716343799269, -0.000931542134846, -0.00541879236886, 1703847048726243972, 5.0
0.494636091271, -0.0928218661158, 0.259128361324, -0.706889231588, 0.707324135439, -0.000210674897651, -0.000370549082964, 0.438865261716, -0.0449220643001, 0.256184146166, -0.69777842926, 0.71628791657, -0.00598628210487, -0.00102404232518, 1703847048826776981, 5.1
0.50368998413, -0.088585863455, 0.259128361324, -0.706889231588, 0.707324135439, -0.000210674897651, -0.000370549082964, 0.447250333764, -0.0454544222388, 0.254374235656, -0.697838033878, 0.716130118898, -0.0126171210137, 0.00453205676947, 1703847048926892042, 5.2
0.512275750618, -0.0834671421054, 0.259128361324, -0.706889231588, 0.707324135439, -0.000210674897651, -0.000370549082964, 0.454859269216, -0.0456774262235, 0.253200219452, -0.697995717216, 0.71579699366, -0.0185845587624, 0.00955284205714, 1703847049027173995, 5.3
0.520307604594, -0.0775168466386, 0.259128361324, -0.706889231588, 0.707324135439, -0.000210674897651, -0.000370549082964, 0.462590081538, -0.0452470943144, 0.252112500546, -0.698404365175, 0.715159526681, -0.0239726633274, 0.0142655359267, 1703847049128242969, 5.4
0.527705294429, -0.07079443044, 0.259128361324, -0.706889231588, 0.707324135439, -0.000210674897651, -0.000370549082964, 0.472165681489, -0.0435648616638, 0.251951804492, -0.699364646924, 0.713868710084, -0.0298611788226, 0.0197196702898, 1703847049228769063, 5.5
0.534394904851, -0.0633670616702, 0.259128361324, -0.706889231588, 0.707324135439, -0.000210674897651, -0.000370549082964, 0.479356523322, -0.0413388009359, 0.252270904767, -0.700395502481, 0.712611931137, -0.0330974042919, 0.0231287166559, 1703847049329287052, 5.6
0.540309595484, -0.0553089521428, 0.259128361324, -0.706889231588, 0.707324135439, -0.000210674897651, -0.000370549082964, 0.489869403352, -0.0360947006751, 0.252976273324, -0.702299420673, 0.710411698187, -0.0364179834047, 0.0276491100472, 1703847049429821968, 5.7
0.545390268694, -0.0467006158244, 0.259128361324, -0.706889231588, 0.707324135439, -0.000210674897651, -0.000370549082964, 0.497040165272, -0.0317110363128, 0.253000665314, -0.703653828361, 0.708889726119, -0.0381135329228, 0.0298999104256, 1703847049530349016, 5.8
0.549586160074, -0.037628064366, 0.259128361324, -0.706889231588, 0.707324135439, -0.000210674897651, -0.000370549082964, 0.506203675795, -0.024181234461, 0.253047149024, -0.705217639141, 0.707147626476, -0.0399360200597, 0.0318658142062, 1703847049630883932, 5.9
0.552855345665, -0.0281819477029, 0.259128361324, -0.706889231588, 0.707324135439, -0.000210674897651, -0.000370549082964, 0.511936155063, -0.0181154553879, 0.253304634415, 0.706557114734, -0.70573372934, 0.0405535264403, -0.032746883566, 1703847049731350898, 6.0
0.555165160844, -0.0184566483102, 0.259128361324, -0.706889231588, 0.707324135439, -0.000210674897651, -0.000370549082964, 0.517323633658, -0.0111265520407, 0.253491266882, 0.707816432846, -0.704426261553, 0.0405249640188, -0.0337233853449, 1703847049831890106, 6.1
0.556492526702, -0.00854933816475, 0.259128361324, -0.706889231588, 0.707324135439, -0.000210674897651, -0.000370549082964, 0.523541392003, -0.00131825842978, 0.253812584609, 0.709028565559, -0.703161837338, 0.0400772047205, -0.0351531135718, 1703847049932401895, 6.2
0.556824180638, 0.00144099216543, 0.259128361324, -0.706889231588, 0.707324135439, -0.000210674897651, -0.000370549082964, 0.527264857775, 0.00617480895542, 0.253896919406, 0.709826787141, -0.702330849395, 0.0399411991794, -0.0358051791527, 1703847050032954931, 0.0168146928204
0.556156808876, 0.011414522602, 0.259128361324, -0.706889231588, 0.707324135439, -0.000210674897651, -0.000370549082964, 0.531439072456, 0.0171783281348, 0.253776220845, 0.71091673305, -0.701211959089, 0.0393931166179, -0.03670653161, 1703847050133503913, 0.11681469282
0.554497079573, 0.0212716009258, 0.259128361324, -0.706889231588, 0.707324135439, -0.000210674897651, -0.000370549082964, 0.533545068056, 0.0257956990786, 0.253944929762, 0.711595227842, -0.700493972077, 0.0393549777102, -0.0373043231568, 1703847050234009027, 0.21681469282
0.551861576196, 0.0309137384683, 0.259128361324, -0.706889231588, 0.707324135439, -0.000210674897651, -0.000370549082964, 0.534146798408, 0.0357210721287, 0.254145906589, 0.712277478554, -0.699771332048, 0.0393101903407, -0.0378891188038, 1703847050334544897, 0.31681469282
0.548276631824, 0.0402445941787, 0.259128361324, -0.706889231588, 0.707324135439, -0.000210674897651, -0.000370549082964, 0.533750161278, 0.0436538581017, 0.254181553317, 0.712875202799, -0.699147823008, 0.039061125352, -0.0384121765063, 1703847050435091972, 0.41681469282
0.543778066035, 0.0491709372309, 0.259128361324, -0.706889231588, 0.707324135439, -0.000210674897651, -0.000370549082964, 0.532884739616, 0.0543572625174, 0.254101430844, 0.713453567265, -0.698554514362, 0.0383076911407, -0.039218855416, 1703847050535950899, 0.51681469282
0.538410827013, 0.0576035785558, 0.259128361324, -0.706889231588, 0.707324135439, -0.000210674897651, -0.000370549082964, 0.53202878075, 0.0621639638469, 0.253962501058, 0.713761231127, -0.698246932952, 0.0379206281702, -0.0394734280441, 1703847050636478900, 0.61681469282
0.532228542434, 0.0654582619889, 0.259128361324, -0.706889231588, 0.707324135439, -0.000210674897651, -0.000370549082964, 0.530384339149, 0.0746009616593, 0.253672603007, 0.714532443354, -0.697473236505, 0.037408244767, -0.0396874662628, 1703847050736988067, 0.71681469282
0.525292983644, 0.0726565061296, 0.259128361324, -0.706889231588, 0.707324135439, -0.000210674897651, -0.000370549082964, 0.529527623099, 0.0802606158739, 0.25351750727, 0.714855158424, -0.697151734665, 0.0371376355139, -0.0397788556478, 1703847050837544918, 0.81681469282
0.517673448453, 0.0791263885019, 0.259128361324, -0.706889231588, 0.707324135439, -0.000210674897651, -0.000370549082964, 0.527322801442, 0.0922022452265, 0.253078706971, 0.715372763894, -0.696660078778, 0.0366900151337, -0.0395017228067, 1703847050938060998, 0.91681469282
0.509446068738, 0.0848032641799, 0.259128361324, -0.706889231588, 0.707324135439, -0.000210674897651, -0.000370549082964, 0.52530826178, 0.0999984497178, 0.252567491106, 0.715695669118, -0.696403337873, 0.0359263866247, -0.0388766632921, 1703847051038554906, 1.01681469282
0.500693049757, 0.0896304116982, 0.259128361324, -0.706889231588, 0.707324135439, -0.000210674897651, -0.000370549082964, 0.522504451596, 0.108462010245, 0.251681804265, 0.716021258908, -0.69619812851, 0.0347133220702, -0.0376391806749, 1703847051139106988, 1.11681469282
0.491501848784, 0.0935595997945, 0.259128361324, -0.706889231588, 0.707324135439, -0.000210674897651, -0.000370549082964, 0.519517230741, 0.115720794121, 0.250506976835, 0.716481419416, -0.695877017413, 0.0332270288585, -0.0361319363052, 1703847051240087032, 1.21681469282
0.481964301258, 0.0965515693201, 0.259128361324, -0.706889231588, 0.707324135439, -0.000210674897651, -0.000370549082964, 0.515903421669, 0.122453996935, 0.249376577943, 0.716911421438, -0.69565226199, 0.0308881042401, -0.03393919881, 1703847051340595960, 1.31681469282
0.472175703204, 0.0985764255047, 0.259128361324, -0.706889231588, 0.707324135439, -0.000210674897651, -0.000370549082964, 0.511699894599, 0.12837727659, 0.248206206235, 0.717467165607, -0.695346980864, 0.0277681625763, -0.0310221151082, 1703847051441143989, 1.41681469282
0.462233859056, 0.0996139366545, 0.259128361324, -0.706889231588, 0.707324135439, -0.000210674897651, -0.000370549082964, 0.50493248036, 0.134104631784, 0.246850993236, 0.717672825565, -0.695537095414, 0.023276282922, -0.0251411813953, 1703847051541667938, 1.51681469282
0.452238104436, 0.099653736301, 0.259128361324, -0.706889231588, 0.707324135439, -0.000210674897651, -0.000370549082964, 0.499385938446, 0.137501617672, 0.246655032153, 0.717916779932, -0.695541996138, 0.0199223453607, -0.0204921656988, 1703847051642216920, 1.61681469282
0.442288313619, 0.0986954267793, 0.259128361324, -0.706889231588, 0.707324135439, -0.000210674897651, -0.000370549082964, 0.492541622528, 0.140624302161, 0.247192316551, 0.718249348472, -0.695436279563, 0.0163233043524, -0.0148257958482, 1703847051742769002, 1.71681469282
0.432483901626, 0.0967485832015, 0.259128361324, -0.706889231588, 0.707324135439, -0.000210674897651, -0.000370549082964, 0.485007643681, 0.142843228679, 0.248047857389, 0.71824357628, -0.695633008657, 0.0123318221776, -0.00829509258789, 1703847051843018054, 1.81681469282
0.422922830902, 0.093832657785, 0.259128361324, -0.706889231588, 0.707324135439, -0.000210674897651, -0.000370549082964, 0.477156798462, 0.144443697045, 0.248870038788, 0.718265641908, -0.695720791166, 0.00807985923789, -0.0013282574062, 1703847051943622112, 1.91681469282
0.413700632503, 0.0899767854926, 0.259128361324, -0.706889231588, 0.707324135439, -0.000210674897651, -0.000370549082964, 0.470631807286, 0.145331709464, 0.249611759708, 0.718401018293, -0.695602753121, 0.00432731563048, 0.00424983580992, 1703847052044142007, 2.01681469282
0.404909451588, 0.0852194929258, 0.259128361324, -0.706889231588, 0.707324135439, -0.000210674897651, -0.000370549082964, 0.459637976396, 0.144639365451, 0.251018955567, 0.718373905545, -0.695519925724, -0.00113177052003, 0.0137725759569, 1703847052144382953, 2.11681469282
0.396637126732, 0.0796083133793, 0.259128361324, -0.706889231588, 0.707324135439, -0.000210674897651, -0.000370549082964, 0.451504217393, 0.142697539728, 0.251877006319, 0.71790990174, -0.695808492625, -0.00473807174177, 0.0208198283021, 1703847052244930028, 2.21681469282
0.388966312268, 0.0731993119044, 0.259128361324, -0.706889231588, 0.707324135439, -0.000210674897651, -0.000370549082964, 0.445958609129, 0.141116151564, 0.252138354056, 0.717528660542, -0.696031781217, -0.00676764725133, 0.0254279331936, 1703847052345499992, 2.31681469282
0.38197365244, 0.0660565251252, 0.259128361324, -0.706889231588, 0.707324135439, -0.000210674897651, -0.000370549082964, 0.43527081368, 0.137526896888, 0.252341973645, 0.716750929956, -0.696451207579, -0.00933818857564, 0.0337137672509, 1703847052445981979, 2.41681469282
0.375729015594, 0.0582513214062, 0.259128361324, -0.706889231588, 0.707324135439, -0.000210674897651, -0.000370549082964, 0.426245247029, 0.133879575745, 0.252004813859, 0.715900866881, -0.696973054028, -0.0103935049615, 0.040080990651, 1703847052546528100, 2.51681469282
0.370294796076, 0.0498616877628, 0.259128361324, -0.706889231588, 0.707324135439, -0.000210674897651, -0.000370549082964, 0.418950740945, 0.130517848983, 0.252003480718, 0.714904528428, -0.697703325502, -0.0108213688897, 0.0447714506462, 1703847052647464036, 2.61681469282
0.365725290812, 0.0409714506412, 0.259128361324, -0.706889231588, 0.707324135439, -0.000210674897651, -0.000370549082964, 0.411986677255, 0.126762905976, 0.251980177594, 0.713579340967, -0.698804750426, -0.0106742785323, 0.0486056036389, 1703847052747909069, 2.71681469282
0.362066156787, 0.0316694383519, 0.259128361324, -0.706889231588, 0.707324135439, -0.000210674897651, -0.000370549082964, 0.40148441783, 0.119699537734, 0.251516167083, 0.711229401627, -0.700889899077, -0.00972053060424, 0.0530245124147, 1703847052848509073, 2.81681469282
0.35935395486, 0.022048593527, 0.259128361324, -0.706889231588, 0.707324135439, -0.000210674897651, -0.000370549082964, 0.397839025023, 0.116554635292, 0.251122493668, 0.710187311028, -0.701856877003, -0.00941381031361, 0.0542428579086, 1703847052948885917, 2.91681469282
0.357615784455, 0.0122050444677, 0.259128361324, -0.706889231588, 0.707324135439, -0.000210674897651, -0.000370549082964, 0.390881839928, 0.108561523444, 0.250426934917, 0.708131594463, -0.703806382413, -0.00882642242592, 0.0559313442082, 1703847053049460887, 3.01681469282
0.356869012796, 0.00223714466234, 0.259128361324, -0.706889231588, 0.707324135439, -0.000210674897651, -0.000370549082964, 0.384185072397, 0.0981120960777, 0.250517299131, 0.706499386307, -0.705372769686, -0.00911002481431, 0.056788030266, 1703847053149936914, 3.11681469282
0.35712110138, -0.00775550992918, 0.259128361324, -0.706889231588, 0.707324135439, -0.000210674897651, -0.000370549082964, 0.38075596757, 0.0901079413957, 0.251083067586, -0.705449651591, 0.706439004569, 0.00947737184398, -0.0565234581113, 1703847053250421047, 3.21681469282
0.358369531421, -0.0176730760053, 0.259128361324, -0.706889231588, 0.707324135439, -0.000210674897651, -0.000370549082964, 0.37759125767, 0.0807884035735, 0.251587298951, -0.704239306883, 0.707691090522, 0.0103043173637, -0.0558044808202, 1703847053350986003, 3.31681469282
0.360601829017, -0.0274164605241, 0.259128361324, -0.706889231588, 0.707324135439, -0.000210674897651, -0.000370549082964, 0.375385539849, 0.0700196566369, 0.252486340686, -0.703206825747, 0.708809916427, 0.0109897368179, -0.0544783285608, 1703847053451498985, 3.41681469282
0.36379568979, -0.0368883108082, 0.259128361324, -0.706889231588, 0.707324135439, -0.000210674897651, -0.000370549082964, 0.374201592369, 0.0615877440983, 0.252701545294, -0.702396630512, 0.709679610183, 0.0119194592275, -0.0534017867568, 1703847053552047014, 3.51681469282
0.367919201737, -0.0459939872605, 0.259128361324, -0.706889231588, 0.707324135439, -0.000210674897651, -0.000370549082964, 0.374172718802, 0.046683737047, 0.25330821868, -0.701279535089, 0.710910691112, 0.0142653385438, -0.0510832951669, 1703847053653630018, 3.61681469282
0.372931164092, -0.0546425089719, 0.259128361324, -0.706889231588, 0.707324135439, -0.000210674897651, -0.000370549082964, 0.375204329892, 0.0368672816647, 0.253769621999, -0.700551101495, 0.711671321487, 0.0153303959515, -0.0501703431022, 1703847053754179000, 3.71681469282
0.378781498983, -0.0627474627723, 0.259128361324, -0.706889231588, 0.707324135439, -0.000210674897651, -0.000370549082964, 0.375850328302, 0.0303145496429, 0.254109972393, -0.700266783337, 0.711992982911, 0.0162731704702, -0.0492707658003, 1703847053854752063, 3.81681469282
0.385411751797, -0.0702278666424, 0.259128361324, -0.706889231588, 0.707324135439, -0.000210674897651, -0.000370549082964, 0.377144104186, 0.016900804496, 0.254715043692, -0.699523912883, 0.712833032186, 0.0180275566418, -0.0470145799828, 1703847053955262899, 3.91681469282
0.392755675241, -0.0770089788594, 0.259128361324, -0.706889231588, 0.707324135439, -0.000210674897651, -0.000370549082964, 0.37831935623, 0.00765243846459, 0.255107417909, -0.699159339784, 0.713332195448, 0.0194415478715, -0.0442201622282, 1703847054055680990, 4.01681469282
0.400739891257, -0.0830230447916, 0.259128361324, -0.706889231588, 0.707324135439, -0.000210674897651, -0.000370549082964, 0.379637181216, 0.000320508395335, 0.255453700611, -0.698871158395, 0.71376776651, 0.0200551450359, -0.0413820083103, 1703847054155855894, 4.11681469282
0.4092846242, -0.0882099738802, 0.259128361324, -0.706889231588, 0.707324135439, -0.000210674897651, -0.000370549082964, 0.38143417285, -0.00678556098148, 0.255912075337, -0.698573656706, 0.714237125115, 0.0194017086591, -0.0385194621659, 1703847054256323099, 4.21681469282
0.418304497923, -0.0925179400443, 0.259128361324, -0.706889231588, 0.707324135439, -0.000210674897651, -0.000370549082964, 0.38418774129, -0.0133554737207, 0.256416431955, -0.698684710609, 0.714378944597, 0.0177012081277, -0.0344828349921, 1703847054356862068, 4.31681469282
0.427709388828, -0.09590389951, 0.259128361324, -0.706889231588, 0.707324135439, -0.000210674897651, -0.000370549082964, 0.388994298063, -0.02141809564, 0.25715761209, -0.698462361029, 0.714969084345, 0.0145402564042, -0.0275339717643, 1703847054457384109, 4.41681469282
0.437405326354, -0.0983340208896, 0.259128361324, -0.706889231588, 0.707324135439, -0.000210674897651, -0.000370549082964, 0.395390912831, -0.0285639339954, 0.257600289455, -0.698199832758, 0.715566802652, 0.00979476097581, -0.0196266944945, 1703847054557905912, 4.51681469282
0.4472954319, -0.0997840232136, 0.259128361324, -0.706889231588, 0.707324135439, -0.000210674897651, -0.000370549082964, 0.399284696869, -0.0316859866861, 0.257365153996, -0.69821638799, 0.715683171865, 0.00690911738519, -0.0156120834016, 1703847054658442974, 4.61681469282
0.457280886799, -0.100239418538, 0.259128361324, -0.706889231588, 0.707324135439, -0.000210674897651, -0.000370549082964, 0.408733268313, -0.0372400927386, 0.256276955085, -0.698579652539, 0.715502206122, 0.000355362914585, -0.00655254230535, 1703847054758949995, 4.71681469282
0.467261919687, -0.0996956567034, 0.259128361324, -0.706889231588, 0.707324135439, -0.000210674897651, -0.000370549082964, 0.415736793911, -0.039995044586, 0.255219375444, -0.698366089729, 0.715725737065, -0.00461241243544, -0.000446845594501, 1703847054859510898, 4.81681469282
0.477138803382, -0.0981581707981, 0.259128361324, -0.706889231588, 0.707324135439, -0.000210674897651, -0.000370549082964, 0.423235289624, -0.0421977152063, 0.254708957416, -0.698170297654, 0.715831852746, -0.0104144057522, 0.00587658242239, 1703847054960022926, 4.91681469282
0.486812851328, -0.0956423228732, 0.259128361324, -0.706889231588, 0.707324135439, -0.000210674897651, -0.000370549082964, 0.430430171231, -0.0435620410129, 0.254504324136, -0.697975705251, 0.715869244694, -0.0156423672426, 0.0107914655156, 1703847055060569047, 5.01681469282
0.496187403635, -0.0921732504495, 0.259128361324, -0.706889231588, 0.707324135439, -0.000210674897651, -0.000370549082964, 0.439257202227, -0.0444255429796, 0.254115956242, -0.697813913066, 0.715786546309, -0.0215208839973, 0.0155632389697, 1703847055161108970, 5.11681469282
0.505168792875, -0.0877856153518, 0.259128361324, -0.706889231588, 0.707324135439, -0.000210674897651, -0.000370549082964, 0.446308586636, -0.04499457686, 0.25368912069, -0.697729578159, 0.715640737743, -0.0259096559352, 0.0189857834901, 1703847055261637926, 5.21681469282
0.513667279977, -0.0825232573799, 0.259128361324, -0.706889231588, 0.707324135439, -0.000210674897651, -0.000370549082964, 0.45368552891, -0.0453526715709, 0.253005266882, -0.697812818189, 0.715302094864, -0.0301398362433, 0.0221759808211, 1703847055361706972, 5.31681469282
0.521597950865, -0.0764387562749, 0.259128361324, -0.706889231588, 0.707324135439, -0.000210674897651, -0.000370549082964, 0.463880976206, -0.0449600197112, 0.252673806244, -0.69822936284, 0.714540470022, -0.0350384733427, 0.0260764060886, 1703847055462259054, 5.41681469282
0.528881564899, -0.0695929063607, 0.259128361324, -0.706889231588, 0.707324135439, -0.000210674897651, -0.000370549082964, 0.471724161895, -0.0437647178288, 0.25250710119, -0.698912330413, 0.713615461894, -0.0380683676955, 0.0287284932354, 1703847055562779903, 5.51681469282
0.535445346614, -0.0620541091067, 0.259128361324, -0.706889231588, 0.707324135439, -0.000210674897651, -0.000370549082964, 0.483062040921, -0.0400792177618, 0.252365604101, -0.700459769103, 0.711799672228, -0.0408488274446, 0.0320735370913, 1703847055663316011, 5.61681469282
0.541223712873, -0.053897689683, 0.259128361324, -0.706889231588, 0.707324135439, -0.000210674897651, -0.000370549082964, 0.493134462679, -0.0347733760473, 0.252586915138, -0.702206763306, 0.709893262063, -0.0422005064934, 0.0342977447855, 1703847055763771057, 5.71681469282
0.546158928151, -0.0452051443365, 0.259128361324, -0.706889231588, 0.707324135439, -0.000210674897651, -0.000370549082964, 0.499762835522, -0.0299404674454, 0.252956777636, -0.703435455045, 0.708602803361, -0.0427292671592, 0.0351402530305, 1703847055864320039, 5.81681469282
0.550201681407, -0.0360633261067, 0.259128361324, -0.706889231588, 0.707324135439, -0.000210674897651, -0.000370549082964, 0.507380201511, -0.0227243228191, 0.253793480649, -0.704902921195, 0.707074705921, -0.0433811000078, 0.0357115121511, 1703847055964854955, 5.91681469282
0.553311578789, -0.0265635770196, 0.259128361324, -0.706889231588, 0.707324135439, -0.000210674897651, -0.000370549082964, 0.512935268181, -0.0162076845557, 0.254106884332, 0.706301454558, -0.705646587888, 0.0433399716688, -0.0363702508631, 1703847056064969062, 6.01681469282
0.555457547228, -0.0168008154278, 0.259128361324, -0.706889231588, 0.707324135439, -0.000210674897651, -0.000370549082964, 0.51788380111, -0.00910760140339, 0.254100099946, 0.707434288254, -0.704502427308, 0.0427974528147, -0.0371676707877, 1703847056165524005, 6.11681469282
0.556618144918, -0.00687258761812, 0.259128361324, -0.706889231588, 0.707324135439, -0.000210674897651, -0.000370549082964, 0.524756457445, 0.00254640176645, 0.254164825183, 0.709042231454, -0.702860018787, 0.0422651620587, -0.038217326986, 1703847056266053915, 6.21681469282
0.55678177555, 0.00312190683911, 0.259128361324, -0.706889231588, 0.707324135439, -0.000210674897651, -0.000370549082964, 0.527183004166, 0.00791230635582, 0.25388313723, 0.709429124004, -0.702479205559, 0.0419116133994, -0.0384278601293, 1703847056366807937, 0.0336293856408
0.555946804181, 0.013082806259, 0.259128361324, -0.706889231588, 0.707324135439, -0.000210674897651, -0.000370549082964, 0.530125135195, 0.0164363951359, 0.253819889674, 0.710478410875, -0.701406797573, 0.0416676257342, -0.0388939707984, 1703847056467149972, 0.133629385641
0.55412157357, 0.0229105846272, 0.259128361324, -0.706889231588, 0.707324135439, -0.000210674897651, -0.000370549082964, 0.532419469318, 0.0250396679136, 0.253812906715, 0.711238071876, -0.700621134458, 0.0415563189432, -0.0392874460826, 1703847056567677974, 0.233629385641
0.551324320816, 0.0325070460308, 0.259128361324, -0.706889231588, 0.707324135439, -0.000210674897651, -0.000370549082964, 0.533531939883, 0.0359823537103, 0.253722670554, 0.711917584749, -0.69992200861, 0.0414052453531, -0.039599748043, 1703847056667934894, 0.333629385641
0.547582995145, 0.0417763057997, 0.259128361324, -0.706889231588, 0.707324135439, -0.000210674897651, -0.000370549082964, 0.533225641701, 0.0480210137546, 0.254268179442, 0.712833394502, -0.698941280572, 0.0411751663213, -0.0406723945, 1703847056768484115, 0.433629385641
0.542934978646, 0.0506257485542, 0.259128361324, -0.706889231588, 0.707324135439, -0.000210674897651, -0.000370549082964, 0.532725238354, 0.0557557520516, 0.254463300075, 0.713273851654, -0.698474011451, 0.0408217487236, -0.0413285942736, 1703847056869029998, 0.533629385641
0.537426712764, 0.0589669535877, 0.259128361324, -0.706889231588, 0.707324135439, -0.000210674897651, -0.000370549082964, 0.531811958304, 0.064495799042, 0.254393328044, 0.713542236373, -0.698199347643, 0.0405982832828, -0.0415563142832, 1703847056970839023, 0.633629385641
0.53111323427, 0.0667165783367, 0.259128361324, -0.706889231588, 0.707324135439, -0.000210674897651, -0.000370549082964, 0.530532676919, 0.0740655330361, 0.254158936407, 0.714187053544, -0.697551791425, 0.0402675556433, -0.0416758298236, 1703847057071429014, 0.733629385641
0.524057625355, 0.0737971911122, 0.259128361324, -0.706889231588, 0.707324135439, -0.000210674897651, -0.000370549082964, 0.529359700008, 0.0816122287549, 0.25393108324, 0.714606262781, -0.69713802082, 0.0399257777751, -0.0417420817637, 1703847057171895027, 0.833629385641
0.516330383331, 0.0801380447722, 0.259128361324, -0.706889231588, 0.707324135439, -0.000210674897651, -0.000370549082964, 0.527192223667, 0.0928352071227, 0.253469997883, 0.715192228306, -0.696583685326, 0.0395615635038, -0.0413053095941, 1703847057272465944, 0.933629385641
0.508008716245, 0.0856757836026, 0.259128361324, -0.706889231588, 0.707324135439, -0.000210674897651, -0.000370549082964, 0.524479943128, 0.102580579137, 0.252781312313, 0.715668954318, -0.696212290537, 0.0385708431575, -0.0402328769538, 1703847057372967958, 1.03362938564
0.499175771445, 0.0903550763478, 0.259128361324, -0.706889231588, 0.707324135439, -0.000210674897651, -0.000370549082964, 0.522287776154, 0.108882693967, 0.252170409469, 0.715679806169, -0.696313348857, 0.0377025654133, -0.0390979770162, 1703847057473246097, 1.13362938564
0.489919804795, 0.0941291690614, 0.259128361324, -0.706889231588, 0.707324135439, -0.000210674897651, -0.000370549082964, 0.51823308203, 0.117803770431, 0.250973421992, 0.716252547602, -0.695968523345, 0.0356528460661, -0.0365920364898, 1703847057573780059, 1.23362938564
0.480333298854, 0.0969603522565, 0.259128361324, -0.706889231588, 0.707324135439, -0.000210674897651, -0.000370549082964, 0.514760144595, 0.123322856471, 0.249938487141, 0.716698617251, -0.695746223483, 0.0334363151496, -0.0340924825827, 1703847057673962116, 1.33362938564
0.470512038821, 0.0988203376865, 0.259128361324, -0.706889231588, 0.707324135439, -0.000210674897651, -0.000370549082964, 0.509688772883, 0.129823692208, 0.248609120648, 0.717090336316, -0.69568145906, 0.0296323394994, -0.0305070735867, 1703847057774791002, 1.43362938564
0.460554155479, 0.0996905409918, 0.259128361324, -0.706889231588, 0.707324135439, -0.000210674897651, -0.000370549082964, 0.504044174942, 0.134278261617, 0.247581999087, 0.71730729739, -0.695805702915, 0.0257777964847, -0.0256937757166, 1703847057875333070, 1.53362938564
0.450559144708, 0.0995622673886, 0.259128361324, -0.706889231588, 0.707324135439, -0.000210674897651, -0.000370549082964, 0.496692032913, 0.138481510824, 0.247485036581, 0.717725549973, -0.695723461198, 0.021305409006, -0.0196209072509, 1703847057975625038, 1.63362938564
0.44062687335, 0.0984367985445, 0.259128361324, -0.706889231588, 0.707324135439, -0.000210674897651, -0.000370549082964, 0.490817574152, 0.141003058703, 0.247539647186, 0.717952924472, -0.695711610365, 0.0178180956989, -0.0145419706626, 1703847058075916051, 1.73362938564
0.430856581379, 0.0963253797719, 0.259128361324, -0.706889231588, 0.707324135439, -0.000210674897651, -0.000370549082964, 0.48452464121, 0.142839103696, 0.247612390711, 0.718057000929, -0.695786903889, 0.0140582791366, -0.00878023814135, 1703847058176431894, 1.83362938564
0.421345890321, 0.0932491076695, 0.259128361324, -0.706889231588, 0.707324135439, -0.000210674897651, -0.000370549082964, 0.475925505808, 0.144772113688, 0.247876713302, 0.718208601787, -0.69576846959, 0.00904048086071, -0.000954332337595, 1703847058276964902, 1.93362938564
0.412189827859, 0.0892387193311, 0.259128361324, -0.706889231588, 0.707324135439, -0.000210674897651, -0.000370549082964, 0.469084724855, 0.145248692941, 0.248517077442, 0.718277042171, -0.695720858326, 0.00520920959807, 0.00484170587357, 1703847058377521038, 2.03362938564
0.403479878341, 0.0843342852313, 0.259128361324, -0.706889231588, 0.707324135439, -0.000210674897651, -0.000370549082964, 0.461136210542, 0.14439166142, 0.249002884633, 0.718026193355, -0.695927671441, 0.00133863006297, 0.0110122590282, 1703847058478081941, 2.13362938564
0.395303068705, 0.0785848088545, 0.259128361324, -0.706889231588, 0.707324135439, -0.000210674897651, -0.000370549082964, 0.450137236738, 0.14200952603, 0.251128357855, 0.717328930471, -0.696439418693, -0.00338308619043, 0.0199974079997, 1703847058578388929, 2.23362938564
0.387741098928, 0.0720477370682, 0.259128361324, -0.706889231588, 0.707324135439, -0.000210674897651, -0.000370549082964, 0.441061204999, 0.139287658568, 0.251861470725, 0.716695709714, -0.696823797199, -0.00621572228263, 0.0272987203258, 1703847058678771018, 2.33362938564
0.380869525714, 0.0647883861327, 0.259128361324, -0.706889231588, 0.707324135439, -0.000210674897651, -0.000370549082964, 0.433233056008, 0.136626386582, 0.252473513752, 0.716084983425, -0.697180336679, -0.0078495401792, 0.0331701579784, 1703847058779328107, 2.43362938564
0.374757007551, 0.056879289083, 0.259128361324, -0.706889231588, 0.707324135439, -0.000210674897651, -0.000370549082964, 0.425241551723, 0.133475373079, 0.252176928965, 0.715351272895, -0.697631619572, -0.00879539583817, 0.0387984632683, 1703847058879698991, 2.53362938564
0.369464618699, 0.0483994710024, 0.259128361324, -0.706889231588, 0.707324135439, -0.000210674897651, -0.000370549082964, 0.416988601331, 0.129631304954, 0.251951750733, 0.714193226805, -0.698490297288, -0.00934651536612, 0.0441812407094, 1703847058979789018, 2.63362938564
0.365045238959, 0.0394336594301, 0.259128361324, -0.706889231588, 0.707324135439, -0.000210674897651, -0.000370549082964, 0.408494496239, 0.124756788544, 0.25188336273, 0.712501695904, -0.699909167425, -0.00922114512937, 0.0488207043342, 1703847059080936908, 2.73362938564
0.361543025311, 0.0300714377916, 0.259128361324, -0.706889231588, 0.707324135439, -0.000210674897651, -0.000370549082964, 0.402243670004, 0.120287857176, 0.25146934108, 0.711024213209, -0.701218302709, -0.00889881343308, 0.0515584260438, 1703847059181458950, 2.83362938564
0.358992970718, 0.0204063503108, 0.259128361324, -0.706889231588, 0.707324135439, -0.000210674897651, -0.000370549082964, 0.396580621526, 0.115191226365, 0.250818591581, 0.709459496457, -0.70267300801, -0.00828916575871, 0.0533774899353, 1703847059282018899, 2.93362938564
0.357420554482, 0.0105349673469, 0.259128361324, -0.706889231588, 0.707324135439, -0.000210674897651, -0.000370549082964, 0.388139635172, 0.10409391859, 0.24987047067, 0.707245070107, -0.704801249338, -0.00764376596387, 0.0547830501441, 1703847059382518053, 3.03362938564
0.356841487665, 0.000555920495595, 0.259128361324, -0.706889231588, 0.707324135439, -0.000210674897651, -0.000370549082964, 0.383664510612, 0.0957024834463, 0.249569351945, -0.705859253178, 0.706199066573, 0.00759015285299, -0.054662442803, 1703847059482564926, 3.13362938564
0.357261556113, -0.00943108290577, 0.259128361324, -0.706889231588, 0.707324135439, -0.000210674897651, -0.000370549082964, 0.381116923318, 0.0896497174119, 0.249724805018, -0.705169946638, 0.706932694688, 0.00765675509153, -0.0540637183535, 1703847059583074092, 3.23362938564
0.358676562639, -0.0193262560204, 0.259128361324, -0.706889231588, 0.707324135439, -0.000210674897651, -0.000370549082964, 0.37715691401, 0.0773845669529, 0.250140765181, -0.703895292821, 0.708326471014, 0.00812192474643, -0.0523360443981, 1703847059683593034, 3.33362938564
0.361072368968, -0.0290307295495, 0.259128361324, -0.706889231588, 0.707324135439, -0.000210674897651, -0.000370549082964, 0.375185287895, 0.0688797571312, 0.25047437016, -0.703064189663, 0.709240485467, 0.00863423131935, -0.0510306676216, 1703847059783850908, 3.43362938564
0.364425036993, -0.0384475396014, 0.259128361324, -0.706889231588, 0.707324135439, -0.000210674897651, -0.000370549082964, 0.374062341434, 0.0571142124123, 0.251384205699, -0.702065543127, 0.710363551132, 0.00926769561703, -0.0490072259451, 1703847059884382963, 3.53362938564
0.368701067964, -0.0474825965228, 0.259128361324, -0.706889231588, 0.707324135439, -0.000210674897651, -0.000370549082964, 0.373617991426, 0.0487579781881, 0.251772198355, -0.701643395803, 0.710863919362, 0.0104795378031, -0.0475311746382, 1703847059984930038, 3.63362938564
0.373857737193, -0.0560456250117, 0.259128361324, -0.706889231588, 0.707324135439, -0.000210674897651, -0.000370549082964, 0.374444192493, 0.0392220545526, 0.252524574383, -0.701036601433, 0.711539735895, 0.0114131711982, -0.0461370481953, 1703847060085493087, 3.73362938564
0.379843520946, -0.0640510661178, 0.259128361324, -0.706889231588, 0.707324135439, -0.000210674897651, -0.000370549082964, 0.37552865214, 0.0284039279096, 0.253105644949, -0.700489748113, 0.712142642314, 0.0127945793979, -0.0447578878466, 1703847060185993909, 3.83362938564
0.38659861125, -0.0714189321199, 0.259128361324, -0.706889231588, 0.707324135439, -0.000210674897651, -0.000370549082964, 0.376803725638, 0.0159157073873, 0.253687437863, -0.69962822385, 0.713096877623, 0.0142971168115, -0.0425298009349, 1703847060286530017, 3.93362938564
0.394055513475, -0.0780756057364, 0.259128361324, -0.706889231588, 0.707324135439, -0.000210674897651, -0.000370549082964, 0.378137844331, 0.00654429259561, 0.254155771631, -0.699319422852, 0.71354685823, 0.0155750446505, -0.0395049859615, 1703847060387084007, 4.03362938564
0.402139720721, -0.083954575685, 0.259128361324, -0.706889231588, 0.707324135439, -0.000210674897651, -0.000370549082964, 0.379788476089, -0.00154904819086, 0.254715251598, -0.699041291631, 0.713985881902, 0.015978626844, -0.0361955318266, 1703847060487973928, 4.13362938564
0.410770458259, -0.0889971012411, 0.259128361324, -0.706889231588, 0.707324135439, -0.000210674897651, -0.000370549082964, 0.382310773078, -0.010117380469, 0.255393040729, -0.69876370929, 0.714469874401, 0.0147874609651, -0.0323018289141, 1703847060588489055, 4.23362938564
0.419861490614, -0.0931527991564, 0.259128361324, -0.706889231588, 0.707324135439, -0.000210674897651, -0.000370549082964, 0.385069855796, -0.0162202512928, 0.255950478433, -0.698750950755, 0.71468834711, 0.0130922802046, -0.0282182126092, 1703847060688802957, 4.33362938564
0.429321983195, -0.096380147071, 0.259128361324, -0.706889231588, 0.707324135439, -0.000210674897651, -0.000370549082964, 0.390210450941, -0.0236573198373, 0.256531565449, -0.698458512244, 0.715264094712, 0.00959495649577, -0.021469007889, 1703847060789361000, 4.43362938564
0.439057409888, -0.0986468983912, 0.259128361324, -0.706889231588, 0.707324135439, -0.000210674897651, -0.000370549082964, 0.394874646698, -0.0284465713577, 0.256480807798, -0.698221509817, 0.715669936942, 0.00615876005832, -0.0162890841101, 1703847060889786958, 4.53362938564
0.448970497527, -0.0999304044872, 0.259128361324, -0.706889231588, 0.707324135439, -0.000210674897651, -0.000370549082964, 0.400898724878, -0.0332585275185, 0.256497152796, -0.698247896668, 0.715787473728, 0.00148820459137, -0.00979553473457, 1703847060989905118, 4.63362938564
0.458962197817, -0.10021784099, 0.259128361324, -0.706889231588, 0.707324135439, -0.000210674897651, -0.000370549082964, 0.406275447798, -0.0364249035505, 0.256729885608, -0.698325674982, 0.715763775713, -0.00281818418925, -0.00394041581475, 1703847061090445995, 4.73362938564
0.468932676993, -0.0995063359301, 0.259128361324, -0.706889231588, 0.707324135439, -0.000210674897651, -0.000370549082964, 0.412776342651, -0.039294828042, 0.256679789793, -0.698290959442, 0.715767677636, -0.00778220009174, 0.00240935150645, 1703847061190768003, 4.83362938564
0.478782313321, -0.0978029984298, 0.259128361324, -0.706889231588, 0.707324135439, -0.000210674897651, -0.000370549082964, 0.420808804869, -0.0416221723462, 0.255776905002, -0.697962974365, 0.715953817154, -0.0134840780761, 0.00871766923661, 1703847061291157960, 4.93362938564
0.488412692492, -0.0951248476748, 0.259128361324, -0.706889231588, 0.707324135439, -0.000210674897651, -0.000370549082964, 0.427427654741, -0.0430183270275, 0.254241909597, -0.697712775184, 0.716032206966, -0.0179684833179, 0.0131108939403, 1703847061391649961, 5.03362938564
0.49772759094, -0.0914986428621, 0.259128361324, -0.706889231588, 0.707324135439, -0.000210674897651, -0.000370549082964, 0.436972078532, -0.0440496062286, 0.252480122288, -0.697511436797, 0.715896125596, -0.024764720912, 0.0189008331323, 1703847061492189884, 5.13362938564
0.506633937279, -0.0869606158316, 0.259128361324, -0.706889231588, 0.707324135439, -0.000210674897651, -0.000370549082964, 0.448941515326, -0.0449205121148, 0.251603991966, -0.697407390986, 0.715533900711, -0.032088090879, 0.0245870363161, 1703847061592705011, 5.23362938564
0.51504274224, -0.0815561090491, 0.259128361324, -0.706889231588, 0.707324135439, -0.000210674897651, -0.000370549082964, 0.457384611672, -0.0450999215718, 0.251918546364, -0.697598827148, 0.715044247673, -0.0361771095436, 0.027546632764, 1703847061693264007, 5.33362938564
0.522869987824, -0.0753391225602, 0.259128361324, -0.706889231588, 0.707324135439, -0.000210674897651, -0.000370549082964, 0.466277625443, -0.0444941659336, 0.252430510529, -0.698093614169, 0.714243446148, -0.0399190073725, 0.0304643782297, 1703847061793771028, 5.43362938564
0.530037466781, -0.0683717744386, 0.259128361324, -0.706889231588, 0.707324135439, -0.000210674897651, -0.000370549082964, 0.475940525466, -0.0426710837402, 0.252454685883, -0.699049842804, 0.71303574823, -0.0427174177515, 0.0329326774268, 1703847061894324064, 5.53362938564
0.536473564029, -0.0607236801236, 0.259128361324, -0.706889231588, 0.707324135439, -0.000210674897651, -0.000370549082964, 0.484598267029, -0.0395082069662, 0.252501074449, -0.700351675865, 0.711586582155, -0.0441058062626, 0.0347382219447, 1703847061994851112, 5.63362938564
0.542113972213, -0.0524712568457, 0.259128361324, -0.706889231588, 0.707324135439, -0.000210674897651, -0.000370549082964, 0.49174773847, -0.0356178916851, 0.25271901634, -0.701689915728, 0.710178870944, -0.0445709449383, 0.0359258165863, 1703847062095396995, 5.73362938564
0.546902334238, -0.0436969600902, 0.259128361324, -0.706889231588, 0.707324135439, -0.000210674897651, -0.000370549082964, 0.499377138599, -0.0302119182796, 0.253267146902, -0.703108207091, 0.70870777215, -0.0449987252483, 0.0367050070515, 1703847062195698022, 5.83362938564
0.550790806375, -0.03448845973, 0.259128361324, -0.706889231588, 0.707324135439, -0.000210674897651, -0.000370549082964, 0.507197777715, -0.0230536159741, 0.253845980277, -0.704715197492, 0.707055557565, -0.0455552873844, 0.0370627134934, 1703847062296216964, 5.93362938564
0.553740536294, -0.0249377640567, 0.259128361324, -0.706889231588, 0.707324135439, -0.000210674897651, -0.000370549082964, 0.515425353855, -0.0132151593779, 0.253931896832, 0.706708578949, -0.705044690048, 0.0451747086525, -0.0378710334238, 1703847062396735906, 6.03362938564
0.555722051269, -0.0151403004644, 0.259128361324, -0.706889231588, 0.707324135439, -0.000210674897651, -0.000370549082964, 0.520107549976, -0.00634210424408, 0.253679087445, 0.707677535676, -0.704080736389, 0.0445218090436, -0.038478963929, 1703847062497287988, 6.13362938564
0.556715552659, -0.00519396197084, 0.259128361324, -0.706889231588, 0.707324135439, -0.000210674897651, -0.000370549082964, 0.524304778652, 0.00107296184683, 0.253775466912, 0.708660204483, -0.703072217587, 0.0442801700251, -0.0391080296374, 1703847062597840070, 6.23362938564
0.556711113724, 0.00480187089768, 0.259128361324, -0.706889231588, 0.707324135439, -0.000210674897651, -0.000370549082964, 0.528670690656, 0.0111117990323, 0.25345176742, 0.709632670083, -0.702097638124, 0.0436553943888, -0.0396810613691, 1703847062698628902, 0.0504440784612
0.555708778819, 0.0147473230833, 0.259128361324, -0.706889231588, 0.707324135439, -0.000210674897651, -0.000370549082964, 0.531046586103, 0.0187865115498, 0.2535663318, 0.71056523095, -0.701130598928, 0.0435963960437, -0.0401533319236, 1703847062799074888, 0.150444078461
0.553718562941, 0.0245430229153, 0.259128361324, -0.706889231588, 0.707324135439, -0.000210674897651, -0.000370549082964, 0.533299436294, 0.0305925980002, 0.253432758653, 0.711563254908, -0.700107721997, 0.0433940210274, -0.0405446766321, 1703847062899244070, 0.250444078461
0.55076035167, 0.034091094999, 0.259128361324, -0.706889231588, 0.707324135439, -0.000210674897651, -0.000370549082964, 0.533968978738, 0.0402991495449, 0.253529980796, 0.712185117106, -0.699454394163, 0.0433378785398, -0.0409601970554, 1703847062999789953, 0.350444078461
0.546863702475, 0.0432961381543, 0.259128361324, -0.706889231588, 0.707324135439, -0.000210674897651, -0.000370549082964, 0.533409031669, 0.049211783598, 0.253640671305, 0.712733986103, -0.698881415817, 0.0430776430794, -0.0414650255743, 1703847063100296974, 0.450444078461
0.542067549387, 0.0520661786328, 0.259128361324, -0.706889231588, 0.707324135439, -0.000210674897651, -0.000370549082964, 0.532423130211, 0.0592731351864, 0.253511568014, 0.71327710347, -0.698334745886, 0.0423646319138, -0.0420665462921, 1703847063200833082, 0.550444078461
0.536419813981, 0.060313589089, 0.259128361324, -0.706889231588, 0.707324135439, -0.000210674897651, -0.000370549082964, 0.53147264477, 0.0671287507712, 0.253336462562, 0.713834537573, -0.697774738454, 0.0419592418646, -0.0423094477117, 1703847063301394939, 0.650444078461
0.529976926565, 0.0679559641238, 0.259128361324, -0.706889231588, 0.707324135439, -0.000210674897651, -0.000370549082964, 0.530284262165, 0.0756990308696, 0.253105621723, 0.71423747543, -0.697373835703, 0.0416866736372, -0.0423884796839, 1703847063401922941, 0.750444078461
0.522803262337, 0.0749169436522, 0.259128361324, -0.706889231588, 0.707324135439, -0.000210674897651, -0.000370549082964, 0.52877431967, 0.0850299080493, 0.25280097783, 0.714628344021, -0.696994758634, 0.0412495467442, -0.0424630574963, 1703847063502482891, 0.850444078461
0.514970498181, 0.0811269758677, 0.259128361324, -0.706889231588, 0.707324135439, -0.000210674897651, -0.000370549082964, 0.527156133428, 0.0931611721144, 0.252444849572, 0.715185283516, -0.696461334833, 0.040889162882, -0.0421864395768, 1703847063603005886, 0.950444078461
0.506556896487, 0.0865240121812, 0.259128361324, -0.706889231588, 0.707324135439, -0.000210674897651, -0.000370549082964, 0.524837251813, 0.101972369803, 0.251834153474, 0.715539318682, -0.696189443486, 0.0401381925307, -0.041384389557, 1703847063703547000, 1.05044407846
0.497646523181, 0.0910541271898, 0.259128361324, -0.706889231588, 0.707324135439, -0.000210674897651, -0.000370549082964, 0.522519535521, 0.108612618103, 0.251159381628, 0.715685577508, -0.696162756794, 0.0391784196738, -0.0402072335877, 1703847063804086923, 1.15044407846
