0.556338733528, 0.00974294378168, 0.25920394436, -0.706754161213, 0.7074591816, 0.000241155024262, 6.18253960934e-05, 0.589497045829, -0.000708653378675, 0.254362542962, -0.706150337627, 0.707023145898, -0.0269905522503, 0.0272301656714, 1703846980079140901, 0.1
0.554844974784, 0.0196265351965, 0.25920394436, -0.706754161213, 0.7074591816, 0.000241155024262, 6.18253960934e-05, 0.589500565475, -0.000639927673743, 0.254366130896, -0.706191279487, 0.706981907502, -0.0269931319988, 0.02723655754, 1703846980179492950, 0.2
0.552371965913, 0.0293116227831, 0.25920394436, -0.706754161213, 0.7074591816, 0.000241155024262, 6.18253960934e-05, 0.589503166736, 0.00034234435983, 0.254367960133, 0.706622650397, -0.706550607542, 0.0269300426601, -0.0273027788072, 1703846980280035018, 0.3
0.5489444164, 0.0387014363479, 0.25920394436, -0.706754161213, 0.7074591816, 0.000241155024262, 6.18253960934e-05, 0.589492385667, 0.00379533219395, 0.254370778541, 0.70748924303, -0.70568224025, 0.0263804643887, -0.0278499172676, 1703846980380572080, 0.4
0.544596573189, 0.0477021559774, 0.25920394436, -0.706754161213, 0.7074591816, 0.000241155024262, 6.18253960934e-05, 0.589440717661, 0.00830890005799, 0.254367260307, 0.708255747168, -0.704912549155, 0.025833865815, -0.0283673407899, 1703846980481117963, 0.5
0.539371878491, 0.0562238494565, 0.25920394436, -0.706754161213, 0.7074591816, 0.000241155024262, 6.18253960934e-05, 0.589310806232, 0.0144069691957, 0.254362678514, 0.709301018436, -0.703860764874, 0.0252901762935, -0.0288530050471, 1703846980581656932, 0.6
0.533322535728, 0.0641813708408, 0.25920394436, -0.706754161213, 0.7074591816, 0.000241155024262, 6.18253960934e-05, 0.588971946895, 0.0225589347364, 0.254327809731, 0.710449061621, -0.702707465558, 0.0245582301239, -0.0293469252882, 1703846980682248115, 0.7
0.526508987935, 0.071495211207, 0.25920394436, -0.706754161213, 0.7074591816, 0.000241155024262, 6.18253960934e-05, 0.588247994699, 0.0311457267268, 0.254181689119, 0.711284632531, -0.701887514715, 0.0237148546651, -0.0294226763141, 1703846980782761096, 0.8
0.518999313827, 0.0780922930797, 0.25920394436, -0.706754161213, 0.7074591816, 0.000241155024262, 6.18253960934e-05, 0.586716613512, 0.0419604053614, 0.253743901606, 0.711967538098, -0.701260494258, 0.022234030723, -0.0290102010591, 1703846980883290052, 0.9
0.510868547587, 0.0839067005978, 0.25920394436, -0.706754161213, 0.7074591816, 0.000241155024262, 6.18253960934e-05, 0.585241364034, 0.0487626317055, 0.253205423344, 0.712779661271, -0.70050429198, 0.0209462954194, -0.0282868185725, 1703846980983808040, 1.0
0.502197929143, 0.0888803381231, 0.25920394436, -0.706754161213, 0.7074591816, 0.000241155024262, 6.18253960934e-05, 0.581463934243, 0.0602220486506, 0.251833407889, 0.713779843149, -0.699670519931, 0.0177519780196, -0.0257753046462, 1703846981084333896, 1.1
0.493074092448, 0.0929635107137, 0.25920394436, -0.706754161213, 0.7074591816, 0.000241155024262, 6.18253960934e-05, 0.57848955223, 0.0663471285165, 0.25104637798, 0.714239451624, -0.699345235537, 0.0152330905708, -0.0233709269472, 1703846981184739112, 1.2
0.483588199862, 0.0961154206587, 0.25920394436, -0.706754161213, 0.7074591816, 0.000241155024262, 6.18253960934e-05, 0.574521812673, 0.0728485979404, 0.250079233525, 0.714848510036, -0.698893367396, 0.0119476241484, -0.0199229261493, 1703846981285197019, 1.3
0.47383503129, 0.0983045751158, 0.25920394436, -0.706754161213, 0.7074591816, 0.000241155024262, 6.18253960934e-05, 0.568891191323, 0.0786018942065, 0.249034331351, 0.715329522587, -0.698595296358, 0.00740632244848, -0.0146093261006, 1703846981385524988, 1.4
0.463912037167, 0.0995091007774, 0.25920394436, -0.706754161213, 0.7074591816, 0.000241155024262, 6.18253960934e-05, 0.563643949671, 0.0830040633205, 0.248550795695, 0.715724607492, -0.698306648841, 0.00348466036416, -0.00969368643352, 1703846981485678911, 1.5
0.45391836477, 0.0997169624212, 0.25920394436, -0.706754161213, 0.7074591816, 0.000241155024262, 6.18253960934e-05, 0.558331337137, 0.0868274609768, 0.248384499678, 0.715803888583, -0.698285271114, -0.00024818466536, -0.00473409329255, 1703846981586199998, 1.6
0.44395386757, 0.0989260831622, 0.25920394436, -0.706754161213, 0.7074591816, 0.000241155024262, 6.18253960934e-05, 0.54844538309, 0.0916894784538, 0.248992191685, 0.716317533113, -0.697728085556, -0.0066695950515, 0.00449743077267, 1703846981686769962, 1.7
0.434118107531, 0.0971443652048, 0.25920394436, -0.706754161213, 0.7074591816, 0.000241155024262, 6.18253960934e-05, 0.540303035679, 0.0938350229583, 0.249966189953, 0.716611019995, -0.697281883104, -0.0113011796104, 0.0117857904628, 1703846981787199974, 1.8
0.424509360314, 0.0943896108857, 0.25920394436, -0.706754161213, 0.7074591816, 0.000241155024262, 6.18253960934e-05, 0.532539466715, 0.0949383365458, 0.250989327655, 0.716560717094, -0.697125328768, -0.015138898024, 0.0181060341956, 1703846981887584924, 1.9
0.415223633345, 0.0906893447996, 0.25920394436, -0.706754161213, 0.7074591816, 0.000241155024262, 6.18253960934e-05, 0.524787277214, 0.0952038905467, 0.25159106599, 0.716508901061, -0.696894244294, -0.0189097939095, 0.0244095609103, 1703846981988051891, 2.0
0.40635370654, 0.0860805387819, 0.25920394436, -0.706754161213, 0.7074591816, 0.000241155024262, 6.18253960934e-05, 0.515746486007, 0.0945069784445, 0.2527368807, 0.716370345534, -0.69662934877, -0.0230620113845, 0.0314519014005, 1703846982088326930, 2.1
0.397988205274, 0.080609242499, 0.25920394436, -0.706754161213, 0.7074591816, 0.000241155024262, 6.18253960934e-05, 0.507695360097, 0.0931265674147, 0.252552299137, 0.716056660879, -0.696592260476, -0.0259351233327, 0.0367348667204, 1703846982188900947, 2.2
0.390210714872, 0.0743301233347, 0.25920394436, -0.706754161213, 0.7074591816, 0.000241155024262, 6.18253960934e-05, 0.499881382704, 0.091605834457, 0.252622710188, 0.715723787584, -0.696574153713, -0.0282105225525, 0.0415701176748, 1703846982289397954, 2.3
0.383098945446, 0.0673059201721, 0.25920394436, -0.706754161213, 0.7074591816, 0.000241155024262, 6.18253960934e-05, 0.489146589045, 0.0889448252659, 0.25257152236, 0.715041794821, -0.696798799724, -0.0303824153079, 0.0475770238902, 1703846982389928102, 2.4
0.376723955445, 0.0596068165274, 0.25920394436, -0.706754161213, 0.7074591816, 0.000241155024262, 6.18253960934e-05, 0.48131148404, 0.0863831090537, 0.252440490355, 0.714187732411, -0.697389812938, -0.0311023297908, 0.0511466202754, 1703846982490463018, 2.5
0.371149441663, 0.0513097392991, 0.25920394436, -0.706754161213, 0.7074591816, 0.000241155024262, 6.18253960934e-05, 0.472554160239, 0.0828403308992, 0.252321286647, 0.712825827136, -0.698525094277, -0.0313017191462, 0.0544264201652, 1703846982591021060, 2.6
0.366431102798, 0.0424975901404, 0.25920394436, -0.706754161213, 0.7074591816, 0.000241155024262, 6.18253960934e-05, 0.462439996415, 0.0775328930687, 0.252110385339, 0.710800925444, -0.70037532906, -0.0309596487635, 0.0572533228836, 1703846982691406011, 2.7
0.362616082933, 0.0332584171326, 0.25920394436, -0.706754161213, 0.7074591816, 0.000241155024262, 6.18253960934e-05, 0.455519742048, 0.0729646363267, 0.252126071506, 0.709277688436, -0.701814241303, -0.0305346452676, 0.0587330131201, 1703846982793545007, 2.8
0.359742500485, 0.0236845350384, 0.25920394436, -0.706754161213, 0.7074591816, 0.000241155024262, 6.18253960934e-05, 0.448546812275, 0.066686975619, 0.252496230228, 0.707697819344, -0.703353055166, -0.0299936568598, 0.0596544787241, 1703846982897528886, 2.9
0.35783906734, 0.013871602923, 0.25920394436, -0.706754161213, 0.7074591816, 0.000241155024262, 6.18253960934e-05, 0.439594511684, 0.0545399019837, 0.253035824522, 0.70581948143, -0.705210574611, -0.0301328994715, 0.0599075409234, 1703846982998064994, 3.0
0.356924801973, 0.00391766836033, 0.25920394436, -0.706754161213, 0.7074591816, 0.000241155024262, 6.18253960934e-05, 0.434930384794, 0.0454529227442, 0.253776457971, -0.704444083973, 0.706632546035, 0.0302152008116, -0.0592960291945, 1703846983098624944, 3.1
0.357008839421, -0.00607781222576, 0.25920394436, -0.706754161213, 0.7074591816, 0.000241155024262, 6.18253960934e-05, 0.431507931389, 0.0375336252183, 0.254059596742, -0.703505041412, 0.707592907845, 0.0309952668198, -0.058585210679, 1703846983199151039, 3.2
0.358090340009, -0.0160149672973, 0.25920394436, -0.706754161213, 0.7074591816, 0.000241155024262, 6.18253960934e-05, 0.42789815257, 0.0262829121284, 0.25460006939, -0.70240951114, 0.70875224686, 0.0324709801747, -0.0568925889481, 1703846983309545040, 3.3
0.360158497742, -0.0257945080857, 0.25920394436, -0.706754161213, 0.7074591816, 0.000241155024262, 6.18253960934e-05, 0.426457941312, 0.0178900626356, 0.254895752286, -0.701485638093, 0.7097113606, 0.0336078095281, -0.0556614707319, 1703846983410109043, 3.4
0.363192648271, -0.035318720652, 0.25920394436, -0.706754161213, 0.7074591816, 0.000241155024262, 6.18253960934e-05, 0.425464411871, 0.00664527187475, 0.254855875672, -0.700762573071, 0.710443573679, 0.0356621222296, -0.0541290849604, 1703846983511265039, 3.5
0.367162475367, -0.0444924422125, 0.25920394436, -0.706754161213, 0.7074591816, 0.000241155024262, 6.18253960934e-05, 0.425253707291, -0.00204049567164, 0.254573126847, -0.70006473889, 0.711114133704, 0.0369102953352, -0.0535133656959, 1703846983611810922, 3.6
0.372028313829, -0.0532240119738, 0.25920394436, -0.706754161213, 0.7074591816, 0.000241155024262, 6.18253960934e-05, 0.425240849035, -0.0106451160588, 0.254524681615, -0.69964511863, 0.7115427092, 0.0377154840997, -0.052737303881, 1703846983712325096, 3.7
0.377741545809, -0.0614261869773, 0.25920394436, -0.706754161213, 0.7074591816, 0.000241155024262, 6.18253960934e-05, 0.425353097588, -0.0219506393455, 0.254537202669, -0.698821395988, 0.712421101142, 0.0386228887571, -0.0511185252298, 1703846983813529014, 3.8
0.38424508658, -0.0690170138014, 0.25920394436, -0.706754161213, 0.7074591816, 0.000241155024262, 6.18253960934e-05, 0.425861521431, -0.0344161369383, 0.254553822199, -0.698220481137, 0.713176939053, 0.0391627826602, -0.0483020680552, 1703846983913640975, 3.9
0.391473954914, -0.0759206474138, 0.25920394436, -0.706754161213, 0.7074591816, 0.000241155024262, 6.18253960934e-05, 0.426827084042, -0.043010707669, 0.254643481568, -0.697866776751, 0.713729165397, 0.0385372245874, -0.0456894155264, 1703846984014131069, 4.0
0.399355922347, -0.0820681089894, 0.25920394436, -0.706754161213, 0.7074591816, 0.000241155024262, 6.18253960934e-05, 0.428861630605, -0.0516195106584, 0.254863812736, -0.697480907628, 0.714446444095, 0.0368224672962, -0.0416024989352, 1703846984114708900, 4.1
0.407812234866, -0.0873979751244, 0.25920394436, -0.706754161213, 0.7074591816, 0.000241155024262, 6.18253960934e-05, 0.43152369807, -0.0587281888853, 0.255187965981, -0.697548122445, 0.714759237135, 0.0344620836457, -0.0368539630758, 1703846984215228080, 4.2
0.416758399792, -0.0918569915579, 0.25920394436, -0.706754161213, 0.7074591816, 0.000241155024262, 6.18253960934e-05, 0.435720010294, -0.0661771992669, 0.255599612936, -0.697224970384, 0.715555854481, 0.0303562563466, -0.0305885189443, 1703846984315774917, 4.3
0.426105030002, -0.095400605272, 0.25920394436, -0.706754161213, 0.7074591816, 0.000241155024262, 6.18253960934e-05, 0.440037761264, -0.0719147659047, 0.255853708614, -0.697048336656, 0.716117586145, 0.0261965369667, -0.0247580417298, 1703846984416210889, 4.4
0.435758737057, -0.0979934096495, 0.25920394436, -0.706754161213, 0.7074591816, 0.000241155024262, 6.18253960934e-05, 0.445544220977, -0.0779178952301, 0.255870203797, -0.697283151907, 0.716262586921, 0.0209014316993, -0.018089853428, 1703846984516452074, 4.5
0.445623064306, -0.0996094982463, 0.25920394436, -0.706754161213, 0.7074591816, 0.000241155024262, 6.18253960934e-05, 0.451222751843, -0.0826098912994, 0.255511189877, -0.697242725377, 0.716562257908, 0.0154379737268, -0.0123604780229, 1703846984616672039, 4.6
0.455599450654, -0.100232723639, 0.25920394436, -0.706754161213, 0.7074591816, 0.000241155024262, 6.18253960934e-05, 0.4568088156, -0.0861112169656, 0.255183692821, -0.697164683322, 0.716803614138, 0.00995966421703, -0.0074019034942, 1703846984717214107, 4.7
0.465588215344, -0.0998568587666, 0.25920394436, -0.706754161213, 0.7074591816, 0.000241155024262, 6.18253960934e-05, 0.463267720646, -0.0889615875448, 0.254713934533, -0.697063325931, 0.716996993323, 0.00357144470444, -0.00229695247093, 1703846984817575931, 4.8
0.475489553942, -0.0984856591454, 0.25920394436, -0.706754161213, 0.7074591816, 0.000241155024262, 6.18253960934e-05, 0.470410340802, -0.0906727679174, 0.255089164732, -0.696992839623, 0.717061189037, -0.00383545725631, 0.00308576703506, 1703846984918051958, 4.9
0.485204535546, -0.0961328253493, 0.25920394436, -0.706754161213, 0.7074591816, 0.000241155024262, 6.18253960934e-05, 0.477114609727, -0.0918051383238, 0.255361382881, -0.696935408699, 0.717015504221, -0.0105355847525, 0.00766839375119, 1703846985018414974, 5.0
0.494636091271, -0.0928218661158, 0.25920394436, -0.706754161213, 0.7074591816, 0.000241155024262, 6.18253960934e-05, 0.484481204734, -0.0931232244069, 0.255334912076, -0.696823053746, 0.716944788435, -0.0170221560353, 0.0117493960338, 1703846985118956089, 5.1
0.50368998413, -0.088585863455, 0.25920394436, -0.706754161213, 0.7074591816, 0.000241155024262, 6.18253960934e-05, 0.494341837092, -0.0945465293761, 0.254323307427, -0.696871705677, 0.71660218785, -0.0244231230076, 0.015957482789, 1703846985219455957, 5.2
0.512275750618, -0.0834671421054, 0.25920394436, -0.706754161213, 0.7074591816, 0.000241155024262, 6.18253960934e-05, 0.5016661946, -0.0949056313546, 0.253745109551, -0.697179280589, 0.716042070088, -0.0294484363019, 0.0189101607955, 1703846985320023059, 5.3
0.520307604594, -0.0775168466386, 0.25920394436, -0.706754161213, 0.7074591816, 0.000241155024262, 6.18253960934e-05, 0.514090264165, -0.0935887184177, 0.252579187772, -0.698445062446, 0.714376656275, -0.0361885854687, 0.0230407030223, 1703846985420608997, 5.4
0.527705294429, -0.07079443044, 0.25920394436, -0.706754161213, 0.7074591816, 0.000241155024262, 6.18253960934e-05, 0.519803077825, -0.0922862470383, 0.252531317042, -0.699257176913, 0.713414538694, -0.0384369647873, 0.0245294976142, 1703846985521188974, 5.5
0.534394904851, -0.0633670616702, 0.25920394436, -0.706754161213, 0.7074591816, 0.000241155024262, 6.18253960934e-05, 0.531486587906, -0.0879741079037, 0.25262481083, -0.701279791205, 0.711108398385, -0.0422219333298, 0.0273643662297, 1703846985621561050, 5.6
0.540309595484, -0.0553089521428, 0.25920394436, -0.706754161213, 0.7074591816, 0.000241155024262, 6.18253960934e-05, 0.54106032481, -0.0828167812812, 0.252776502317, -0.703060788452, 0.709145952101, -0.0441880743097, 0.0294102099406, 1703846985722085952, 5.7
0.545390268694, -0.0467006158244, 0.25920394436, -0.706754161213, 0.7074591816, 0.000241155024262, 6.18253960934e-05, 0.547926947323, -0.0783388247531, 0.252651340383, -0.70430180879, 0.707834708523, -0.0448582588752, 0.0302774529266, 1703846985822556018, 5.8
0.549586160074, -0.037628064366, 0.25920394436, -0.706754161213, 0.7074591816, 0.000241155024262, 6.18253960934e-05, 0.554720493648, -0.0728496118421, 0.253055179297, -0.705433406839, 0.706617601734, -0.0457013137812, 0.0310912102355, 1703846985923090934, 5.9
0.552855345665, -0.0281819477029, 0.25920394436, -0.706754161213, 0.7074591816, 0.000241155024262, 6.18253960934e-05, 0.562408413301, -0.0645844916226, 0.253264267769, 0.706972525015, -0.70497839946, 0.0466311038455, -0.0319506701631, 1703846986023607969, 6.0
0.555165160844, -0.0184566483102, 0.25920394436, -0.706754161213, 0.7074591816, 0.000241155024262, 6.18253960934e-05, 0.567194916793, -0.0580017387619, 0.253096735881, 0.707954999773, -0.70394510953, 0.0470594380173, -0.0323482667001, 1703846986124146938, 6.1
0.556492526702, -0.00854933816475, 0.25920394436, -0.706754161213, 0.7074591816, 0.000241155024262, 6.18253960934e-05, 0.571777120035, -0.0500485788956, 0.253309427166, 0.708931672663, -0.702888446341, 0.047664893989, -0.0330419941278, 1703846986224968910, 6.2
0.556824180638, 0.00144099216543, 0.25920394436, -0.706754161213, 0.7074591816, 0.000241155024262, 6.18253960934e-05, 0.57635582105, -0.0399205406727, 0.253381753344, 0.709869007284, -0.70187706208, 0.0480900226303, -0.0337924835837, 1703846986325561046, 0.0168146928204
0.556156808876, 0.011414522602, 0.25920394436, -0.706754161213, 0.7074591816, 0.000241155024262, 6.18253960934e-05, 0.578600895817, -0.0322798509832, 0.253072890358, 0.710730751923, -0.700982461225, 0.0480830108434, -0.03425509298, 1703846986426079988, 0.11681469282
0.554497079573, 0.0212716009258, 0.25920394436, -0.706754161213, 0.7074591816, 0.000241155024262, 6.18253960934e-05, 0.580711693734, -0.0207556528584, 0.253860177242, 0.711558198525, -0.700056551766, 0.0484680533405, -0.0354485859748, 1703846986526586055, 0.21681469282
0.551861576196, 0.0309137384683, 0.25920394436, -0.706754161213, 0.7074591816, 0.000241155024262, 6.18253960934e-05, 0.581644205576, -0.00961404069188, 0.254562052002, 0.712275883314, -0.699261737513, 0.0486124566601, -0.0365091434695, 1703846986627016067, 0.31681469282
0.548276631824, 0.0402445941787, 0.25920394436, -0.706754161213, 0.7074591816, 0.000241155024262, 6.18253960934e-05, 0.581822457334, -0.00286351192025, 0.254688409495, 0.712617714398, -0.698899326603, 0.0484739425125, -0.0369594547637, 1703846986727549076, 0.41681469282
0.543778066035, 0.0491709372309, 0.25920394436, -0.706754161213, 0.7074591816, 0.000241155024262, 6.18253960934e-05, 0.581789323487, 0.00713475728206, 0.25468853321, 0.713037162608, -0.698467117238, 0.0481269593715, -0.0374898207455, 1703846986828680992, 0.51681469282
0.538410827013, 0.0576035785558, 0.25920394436, -0.706754161213, 0.7074591816, 0.000241155024262, 6.18253960934e-05, 0.581583809952, 0.0168575776431, 0.254678586199, 0.713650363188, -0.697837779623, 0.047777438421, -0.0379856397886, 1703846986929259061, 0.61681469282
0.532228542434, 0.0654582619889, 0.25920394436, -0.706754161213, 0.7074591816, 0.000241155024262, 6.18253960934e-05, 0.581273361125, 0.0242371700045, 0.254641526727, 0.714105953365, -0.697375812007, 0.0474609833855, -0.0383029927321, 1703846987029720067, 0.71681469282
0.525292983644, 0.0726565061296, 0.25920394436, -0.706754161213, 0.7074591816, 0.000241155024262, 6.18253960934e-05, 0.580713685303, 0.0319200686982, 0.254535198453, 0.714360793216, -0.697138502139, 0.0468941482053, -0.0385681839682, 1703846987130265951, 0.81681469282
0.517673448453, 0.0791263885019, 0.25920394436, -0.706754161213, 0.7074591816, 0.000241155024262, 6.18253960934e-05, 0.57948943925, 0.0415257487289, 0.25420761066, 0.71498567519, -0.696576269018, 0.0458147188863, -0.0384447297766, 1703846987230796098, 0.91681469282
0.509446068738, 0.0848032641799, 0.25920394436, -0.706754161213, 0.7074591816, 0.000241155024262, 6.18253960934e-05, 0.577365647079, 0.0516165955206, 0.253361441725, 0.715426651693, -0.696282185635, 0.0440842019159, -0.0375820057502, 1703846987331326961, 1.01681469282
0.500693049757, 0.0896304116982, 0.25920394436, -0.706754161213, 0.7074591816, 0.000241155024262, 6.18253960934e-05, 0.575102042027, 0.0588241886385, 0.252402586704, 0.715693416506, -0.696193613929, 0.0422122662337, -0.0362699610326, 1703846987431895017, 1.11681469282
0.491501848784, 0.0935595997945, 0.25920394436, -0.706754161213, 0.7074591816, 0.000241155024262, 6.18253960934e-05, 0.571783218835, 0.0665424713628, 0.251303102789, 0.716254205449, -0.695901606727, 0.0394279010147, -0.0338571639925, 1703846987532427072, 1.21681469282
0.481964301258, 0.0965515693201, 0.25920394436, -0.706754161213, 0.7074591816, 0.000241155024262, 6.18253960934e-05, 0.567947561884, 0.0726552617227, 0.250163418166, 0.716617034118, -0.695855016957, 0.0361594918068, -0.0306318941627, 1703846987633543968, 1.31681469282
0.472175703204, 0.0985764255047, 0.25920394436, -0.706754161213, 0.7074591816, 0.000241155024262, 6.18253960934e-05, 0.562898873703, 0.0783166883884, 0.248993484363, 0.716898961064, -0.69595396861, 0.0319725246578, -0.0261095934365, 1703846987734756946, 1.41681469282
0.462233859056, 0.0996139366545, 0.25920394436, -0.706754161213, 0.7074591816, 0.000241155024262, 6.18253960934e-05, 0.55738210211, 0.0831070929284, 0.248328747519, 0.716974929769, -0.696226875771, 0.0275926772258, -0.0213009788508, 1703846987835083961, 1.51681469282
0.452238104436, 0.099653736301, 0.25920394436, -0.706754161213, 0.7074591816, 0.000241155024262, 6.18253960934e-05, 0.550404004374, 0.0877708712158, 0.248318925763, 0.717503875872, -0.696028218391, 0.0221236833544, -0.0156028826682, 1703846987935384988, 1.61681469282
0.442288313619, 0.0986954267793, 0.25920394436, -0.706754161213, 0.7074591816, 0.000241155024262, 6.18253960934e-05, 0.544498271542, 0.0903257004291, 0.248800760952, 0.71761476961, -0.696132831839, 0.0177036401131, -0.0107099953241, 1703846988035944938, 1.71681469282
0.432483901626, 0.0967485832015, 0.25920394436, -0.706754161213, 0.7074591816, 0.000241155024262, 6.18253960934e-05, 0.536150641555, 0.0928061246442, 0.249060041946, 0.717690637588, -0.696259398775, 0.0115442914425, -0.00311892133845, 1703846988136490106, 1.81681469282
0.422922830902, 0.093832657785, 0.25920394436, -0.706754161213, 0.7074591816, 0.000241155024262, 6.18253960934e-05, 0.527243130484, 0.0943722719364, 0.249320423048, 0.717707447002, -0.696307766531, 0.00508300334433, 0.00506733294, 1703846988237014055, 1.91681469282
0.413700632503, 0.0899767854926, 0.25920394436, -0.706754161213, 0.7074591816, 0.000241155024262, 6.18253960934e-05, 0.522441140241, 0.0946136971882, 0.249502396539, 0.717790698869, -0.696191033143, 0.00177537015774, 0.00956065104366, 1703846988337554931, 2.01681469282
0.404909451588, 0.0852194929258, 0.25920394436, -0.706754161213, 0.7074591816, 0.000241155024262, 6.18253960934e-05, 0.512504470873, 0.0937643795614, 0.25034091643, 0.71764240409, -0.696173254561, -0.0038156420315, 0.0178219068016, 1703846988437710046, 2.11681469282
0.396637126732, 0.0796083133793, 0.25920394436, -0.706754161213, 0.7074591816, 0.000241155024262, 6.18253960934e-05, 0.502491921368, 0.0918966486346, 0.250852048422, 0.717238367668, -0.696300544872, -0.00852927264699, 0.0257279354713, 1703846988538244009, 2.21681469282
0.388966312268, 0.0731993119044, 0.25920394436, -0.706754161213, 0.7074591816, 0.000241155024262, 6.18253960934e-05, 0.495320358121, 0.0903262979501, 0.251639712763, 0.716919519091, -0.696381734979, -0.0110942296877, 0.0309160217644, 1703846988638803005, 2.31681469282
0.38197365244, 0.0660565251252, 0.25920394436, -0.706754161213, 0.7074591816, 0.000241155024262, 6.18253960934e-05, 0.486874094717, 0.088161616805, 0.251875654739, 0.716397960168, -0.696592511436, -0.0136717220964, 0.0366867781825, 1703846988739343881, 2.41681469282
0.375729015594, 0.0582513214062, 0.25920394436, -0.706754161213, 0.7074591816, 0.000241155024262, 6.18253960934e-05, 0.476556086913, 0.0846883738463, 0.252459184399, 0.715178671582, -0.697443498187, -0.0159968594955, 0.0428501462957, 1703846988839864015, 2.51681469282
0.370294796076, 0.0498616877628, 0.25920394436, -0.706754161213, 0.7074591816, 0.000241155024262, 6.18253960934e-05, 0.469308041331, 0.0815365570493, 0.252650534501, 0.71384310786, -0.698569462303, -0.0169402907121, 0.0462790476255, 1703846988940407037, 2.61681469282
0.365725290812, 0.0409714506412, 0.25920394436, -0.706754161213, 0.7074591816, 0.000241155024262, 6.18253960934e-05, 0.462323271193, 0.0775817578481, 0.252235678454, 0.71222616448, -0.700015145177, -0.0176100324585, 0.0490160576762, 1703846989040738105, 2.71681469282
0.362066156787, 0.0316694383519, 0.25920394436, -0.706754161213, 0.7074591816, 0.000241155024262, 6.18253960934e-05, 0.452646403952, 0.0700331800009, 0.251432846576, 0.709785572052, -0.702293565073, -0.0179274736371, 0.0516410287719, 1703846989141285896, 2.81681469282
0.35935395486, 0.022048593527, 0.25920394436, -0.706754161213, 0.7074591816, 0.000241155024262, 6.18253960934e-05, 0.444836409108, 0.0619449997012, 0.250943834816, 0.707809649158, -0.704177103461, -0.0182927108289, 0.0529668221588, 1703846989241822957, 2.91681469282
0.357615784455, 0.0122050444677, 0.25920394436, -0.706754161213, 0.7074591816, 0.000241155024262, 6.18253960934e-05, 0.439877723247, 0.0548165005554, 0.251031309278, 0.706708606263, -0.705265669768, -0.0188054395869, 0.0530060026962, 1703846989342365980, 3.01681469282
0.356869012796, 0.00223714466234, 0.25920394436, -0.706754161213, 0.7074591816, 0.000241155024262, 6.18253960934e-05, 0.435190017925, 0.0461626708847, 0.251482398885, -0.705378019456, 0.70663571858, 0.0196121896261, -0.0521840292948, 1703846989442758083, 3.11681469282
0.35712110138, -0.00775550992918, 0.25920394436, -0.706754161213, 0.7074591816, 0.000241155024262, 6.18253960934e-05, 0.431338975721, 0.0370479611392, 0.251714976388, -0.704279531357, 0.707771444034, 0.0209165669281, -0.0511118572275, 1703846989543042898, 3.21681469282
0.358369531421, -0.0176730760053, 0.25920394436, -0.706754161213, 0.7074591816, 0.000241155024262, 6.18253960934e-05, 0.428123722823, 0.025375504284, 0.252434631505, -0.703205067102, 0.708935677805, 0.0223685850451, -0.0491170514183, 1703846989643569946, 3.31681469282
0.360601829017, -0.0274164605241, 0.25920394436, -0.706754161213, 0.7074591816, 0.000241155024262, 6.18253960934e-05, 0.426257312688, 0.0168152440796, 0.252479769221, -0.702265769346, 0.709900310855, 0.0239112653878, -0.0478809903839, 1703846989743952989, 3.41681469282
0.36379568979, -0.0368883108082, 0.25920394436, -0.706754161213, 0.7074591816, 0.000241155024262, 6.18253960934e-05, 0.425661435646, 0.00600174800312, 0.252876291127, -0.701521969174, 0.710695906793, 0.02547433021, -0.0461444832542, 1703846989844507932, 3.51681469282
0.367919201737, -0.0459939872605, 0.25920394436, -0.706754161213, 0.7074591816, 0.000241155024262, 6.18253960934e-05, 0.425723789593, -0.00297071739997, 0.252925866135, -0.700872420348, 0.711346786043, 0.0264231746629, -0.0454468505334, 1703846989945054054, 3.61681469282
0.372931164092, -0.0546425089719, 0.25920394436, -0.706754161213, 0.7074591816, 0.000241155024262, 6.18253960934e-05, 0.425534990957, -0.017014915516, 0.252933688356, -0.70005403932, 0.71218277798, 0.0283296631644, -0.0437888452088, 1703846990045839071, 3.71681469282
0.378781498983, -0.0627474627723, 0.25920394436, -0.706754161213, 0.7074591816, 0.000241155024262, 6.18253960934e-05, 0.425566171187, -0.0259396008831, 0.252929683881, -0.699458541418, 0.712828189768, 0.0293892969073, -0.0420712483391, 1703846990145889043, 3.81681469282
0.385411751797, -0.0702278666424, 0.25920394436, -0.706754161213, 0.7074591816, 0.000241155024262, 6.18253960934e-05, 0.425911555576, -0.0356687853971, 0.253040128047, -0.699151954512, 0.713238462314, 0.0299061444869, -0.0397877229792, 1703846990246309995, 3.91681469282
0.392755675241, -0.0770089788594, 0.25920394436, -0.706754161213, 0.7074591816, 0.000241155024262, 6.18253960934e-05, 0.426738146724, -0.0440946190104, 0.253372470794, -0.698637728915, 0.713894980223, 0.0295121804089, -0.037260061146, 1703846990346481084, 4.01681469282
0.400739891257, -0.0830230447916, 0.25920394436, -0.706754161213, 0.7074591816, 0.000241155024262, 6.18253960934e-05, 0.428128161041, -0.0507592224571, 0.253799317495, -0.698352796798, 0.714367916504, 0.0285350321383, -0.0341702065341, 1703846990446959972, 4.11681469282
0.4092846242, -0.0882099738802, 0.25920394436, -0.706754161213, 0.7074591816, 0.000241155024262, 6.18253960934e-05, 0.430354035368, -0.0578997942506, 0.254401557471, -0.698342535505, 0.714642793166, 0.0267715195888, -0.0297769545044, 1703846990547470092, 4.21681469282
0.418304497923, -0.0925179400443, 0.25920394436, -0.706754161213, 0.7074591816, 0.000241155024262, 6.18253960934e-05, 0.433416534997, -0.064525275705, 0.254970222881, -0.697917083672, 0.71535445981, 0.023879172254, -0.0246885860496, 1703846990647854089, 4.31681469282
0.427709388828, -0.09590389951, 0.25920394436, -0.706754161213, 0.7074591816, 0.000241155024262, 6.18253960934e-05, 0.438423310891, -0.0713792426494, 0.25535211487, -0.697640895633, 0.71597150372, 0.0191361489646, -0.0177706050488, 1703846990748294115, 4.41681469282
0.437405326354, -0.0983340208896, 0.25920394436, -0.706754161213, 0.7074591816, 0.000241155024262, 6.18253960934e-05, 0.442920800828, -0.0764000363203, 0.255228024791, -0.69776338686, 0.716062682777, 0.015047549877, -0.0124121526894, 1703846990848799943, 4.51681469282
0.4472954319, -0.0997840232136, 0.25920394436, -0.706754161213, 0.7074591816, 0.000241155024262, 6.18253960934e-05, 0.451201290472, -0.083211615992, 0.254695120649, -0.697641179556, 0.716399072285, 0.00721437753051, -0.0041360094505, 1703846990949314117, 4.61681469282
0.457280886799, -0.100239418538, 0.25920394436, -0.706754161213, 0.7074591816, 0.000241155024262, 6.18253960934e-05, 0.455365391834, -0.0857970402219, 0.254365484298, -0.69748786038, 0.716589492365, 0.00315524877875, -0.000477974424821, 1703846991049679994, 4.71681469282
0.467261919687, -0.0996956567034, 0.25920394436, -0.706754161213, 0.7074591816, 0.000241155024262, 6.18253960934e-05, 0.463489307951, -0.0892694550518, 0.254464102081, -0.69722106684, 0.716808310802, -0.00530538171117, 0.00636258153602, 1703846991150175094, 4.81681469282
0.477138803382, -0.0981581707981, 0.25920394436, -0.706754161213, 0.7074591816, 0.000241155024262, 6.18253960934e-05, 0.468810876003, -0.0903467503997, 0.254923187868, -0.697037208962, 0.716875422903, -0.0109499779737, 0.010433376406, 1703846991250617027, 4.91681469282
0.486812851328, -0.0956423228732, 0.25920394436, -0.706754161213, 0.7074591816, 0.000241155024262, 6.18253960934e-05, 0.477124069983, -0.0917350926301, 0.254783301602, -0.696889768303, 0.716742205384, -0.0192008155072, 0.0160184436957, 1703846991351152896, 5.01681469282
0.496187403635, -0.0921732504495, 0.25920394436, -0.706754161213, 0.7074591816, 0.000241155024262, 6.18253960934e-05, 0.483795012157, -0.0928938639833, 0.254062089106, -0.696754814669, 0.716602546248, -0.0250514204618, 0.0196454900366, 1703846991453547000, 5.11681469282
0.505168792875, -0.0877856153518, 0.25920394436, -0.706754161213, 0.7074591816, 0.000241155024262, 6.18253960934e-05, 0.494878241079, -0.0942886114677, 0.252495389283, -0.696869661325, 0.716008197191, -0.0333845499148, 0.024298323132, 1703846991553828954, 5.21681469282
0.513667279977, -0.0825232573799, 0.25920394436, -0.706754161213, 0.7074591816, 0.000241155024262, 6.18253960934e-05, 0.502653167372, -0.0943965174794, 0.252347384923, -0.697307896988, 0.715262859487, -0.037977586839, 0.0268037597313, 1703846991654145956, 5.31681469282
0.521597950865, -0.0764387562749, 0.25920394436, -0.706754161213, 0.7074591816, 0.000241155024262, 6.18253960934e-05, 0.513835730352, -0.0932059656505, 0.252404851009, -0.698389901393, 0.713809174423, -0.0429876329705, 0.0296659999546, 1703846991754669904, 5.41681469282
0.528881564899, -0.0695929063607, 0.25920394436, -0.706754161213, 0.7074591816, 0.000241155024262, 6.18253960934e-05, 0.522059800566, -0.0912029302332, 0.252373153399, -0.699512952849, 0.71249445684, -0.0454126202087, 0.0311604187213, 1703846991855249881, 5.51681469282
0.535445346614, -0.0620541091067, 0.25920394436, -0.706754161213, 0.7074591816, 0.000241155024262, 6.18253960934e-05, 0.530205653631, -0.0881450280225, 0.252703736381, -0.700933480456, 0.710954708341, -0.0470131949091, 0.0320221512076, 1703846991955974102, 5.61681469282
0.541223712873, -0.053897689683, 0.25920394436, -0.706754161213, 0.7074591816, 0.000241155024262, 6.18253960934e-05, 0.540916507429, -0.0827867719539, 0.253167002745, -0.702850744962, 0.708943580551, -0.0481026693642, 0.0329539542636, 1703846992056495904, 5.71681469282
0.546158928151, -0.0452051443365, 0.25920394436, -0.706754161213, 0.7074591816, 0.000241155024262, 6.18253960934e-05, 0.547476409647, -0.0788149141694, 0.253266913435, -0.704064902702, 0.70767934641, -0.0485424940178, 0.0335586311029, 1703846992157037973, 5.81681469282
0.550201681407, -0.0360633261067, 0.25920394436, -0.706754161213, 0.7074591816, 0.000241155024262, 6.18253960934e-05, 0.55660387615, -0.0713102164337, 0.253145725877, -0.705536880649, 0.706136596058, -0.0492408765566, 0.0341196985246, 1703846992257097959, 5.91681469282
0.553311578789, -0.0265635770196, 0.25920394436, -0.706754161213, 0.7074591816, 0.000241155024262, 6.18253960934e-05, 0.564903609993, -0.0620009872486, 0.2527672399, 0.707333031478, -0.704275280475, 0.0498312793384, -0.0345420828942, 1703846992357625961, 6.01681469282
0.555457547228, -0.0168008154278, 0.25920394436, -0.706754161213, 0.7074591816, 0.000241155024262, 6.18253960934e-05, 0.570053694339, -0.0543264729963, 0.252409619003, 0.708342101985, -0.703223468063, 0.0502434632321, -0.0346960361218, 1703846992458137989, 6.11681469282
0.556618144918, -0.00687258761812, 0.25920394436, -0.706754161213, 0.7074591816, 0.000241155024262, 6.18253960934e-05, 0.574531339202, -0.0453030325139, 0.252595703861, 0.709237371633, -0.702249894137, 0.0507498642015, -0.035382031417, 1703846992558707952, 6.21681469282
0.55678177555, 0.00312190683911, 0.25920394436, -0.706754161213, 0.7074591816, 0.000241155024262, 6.18253960934e-05, 0.5777306948, -0.0368385267062, 0.252613791819, 0.7100929589, -0.701340067178, 0.0509883178193, -0.0359206255283, 1703846992659601926, 0.0336293856408
0.555946804181, 0.013082806259, 0.25920394436, -0.706754161213, 0.7074591816, 0.000241155024262, 6.18253960934e-05, 0.58042946443, -0.0271076751006, 0.252767764332, 0.710931520917, -0.700440303435, 0.0511464903435, -0.0366577470179, 1703846992759674072, 0.133629385641
0.55412157357, 0.0229105846272, 0.25920394436, -0.706754161213, 0.7074591816, 0.000241155024262, 6.18253960934e-05, 0.581074756974, -0.0193105448596, 0.252974340107, 0.711381501873, -0.699958593991, 0.0510705791568, -0.0372306518342, 1703846992859776973, 0.233629385641
0.551324320816, 0.0325070460308, 0.25920394436, -0.706754161213, 0.7074591816, 0.000241155024262, 6.18253960934e-05, 0.581497224484, -0.00816193236806, 0.253167742423, 0.712174954441, -0.699126994014, 0.0508659023701, -0.0379597218689, 1703846992960309982, 0.333629385641
0.547582995145, 0.0417763057997, 0.25920394436, -0.706754161213, 0.7074591816, 0.000241155024262, 6.18253960934e-05, 0.581585653756, -0.00110043940774, 0.253205242365, 0.712681080147, -0.698603953797, 0.050663497286, -0.038358881412, 1703846993060894012, 0.433629385641
0.542934978646, 0.0506257485542, 0.25920394436, -0.706754161213, 0.7074591816, 0.000241155024262, 6.18253960934e-05, 0.581514305886, 0.00945343409909, 0.253204676917, 0.713032489652, -0.698239904843, 0.0502950174435, -0.0389373240748, 1703846993161484956, 0.533629385641
0.537426712764, 0.0589669535877, 0.25920394436, -0.706754161213, 0.7074591816, 0.000241155024262, 6.18253960934e-05, 0.581327833032, 0.0172954873554, 0.253193504277, 0.713473004267, -0.697787063372, 0.0500125543559, -0.0393475638385, 1703846993261992931, 0.633629385641
0.53111323427, 0.0667165783367, 0.25920394436, -0.706754161213, 0.7074591816, 0.000241155024262, 6.18253960934e-05, 0.580861569206, 0.0273793958925, 0.253132236489, 0.714023026637, -0.69723084037, 0.0495647877325, -0.0397945283348, 1703846993362457036, 0.733629385641
0.524057625355, 0.0737971911122, 0.25920394436, -0.706754161213, 0.7074591816, 0.000241155024262, 6.18253960934e-05, 0.580212624423, 0.0349778165044, 0.252987465721, 0.714286097964, -0.696990608703, 0.0490413604829, -0.0399300212492, 1703846993463187932, 0.833629385641
0.516330383331, 0.0801380447722, 0.25920394436, -0.706754161213, 0.7074591816, 0.000241155024262, 6.18253960934e-05, 0.579069258753, 0.0428843105486, 0.25259119632, 0.714864424169, -0.69647694835, 0.0480354637381, -0.039765684927, 1703846993563514947, 0.933629385641
0.508008716245, 0.0856757836026, 0.25920394436, -0.706754161213, 0.7074591816, 0.000241155024262, 6.18253960934e-05, 0.576888887331, 0.0521766136353, 0.251662920008, 0.715271203353, -0.696236383825, 0.0462972877529, -0.0387112986031, 1703846993664052963, 1.03362938564
0.499175771445, 0.0903550763478, 0.25920394436, -0.706754161213, 0.7074591816, 0.000241155024262, 6.18253960934e-05, 0.574827443462, 0.0587509771791, 0.250866772813, 0.715469889844, -0.696207711925, 0.044666179776, -0.0374511811324, 1703846993764575958, 1.13362938564
0.489919804795, 0.0941291690614, 0.25920394436, -0.706754161213, 0.7074591816, 0.000241155024262, 6.18253960934e-05, 0.571693441298, 0.0658190746801, 0.249909072527, 0.715888594785, -0.696061677649, 0.0421220947496, -0.035034124778, 1703846993864811897, 1.23362938564
0.480333298854, 0.0969603522565, 0.25920394436, -0.706754161213, 0.7074591816, 0.000241155024262, 6.18253960934e-05, 0.566882111534, 0.0735101648984, 0.248572815036, 0.716362580723, -0.695994954016, 0.0381581371932, -0.030977951687, 1703846993965367078, 1.33362938564
0.470512038821, 0.0988203376865, 0.25920394436, -0.706754161213, 0.7074591816, 0.000241155024262, 6.18253960934e-05, 0.562615959344, 0.0784128257313, 0.247764522604, 0.716487304076, -0.69619457035, 0.034929861653, -0.0271839672996, 1703846994065913915, 1.43362938564
0.460554155479, 0.0996905409918, 0.25920394436, -0.706754161213, 0.7074591816, 0.000241155024262, 6.18253960934e-05, 0.554089389797, 0.0850444563836, 0.247570270022, 0.716971468801, -0.696224389723, 0.0287858690995, -0.019871734213, 1703846994166327953, 1.53362938564
0.450559144708, 0.0995622673886, 0.25920394436, -0.706754161213, 0.7074591816, 0.000241155024262, 6.18253960934e-05, 0.547191963444, 0.0890625455595, 0.247490269865, 0.717060982182, -0.696470429102, 0.0237019583816, -0.0138096483118, 1703846994266954898, 1.63362938564
0.44062687335, 0.0984367985445, 0.25920394436, -0.706754161213, 0.7074591816, 0.000241155024262, 6.18253960934e-05, 0.542704668043, 0.0911353202581, 0.247361985089, 0.717151793424, -0.696556440116, 0.0201019917511, -0.00991669543535, 1703846994367440938, 1.73362938564
0.430856581379, 0.0963253797719, 0.25920394436, -0.706754161213, 0.7074591816, 0.000241155024262, 6.18253960934e-05, 0.532928679084, 0.0939659215593, 0.24740078477, 0.717493029992, -0.696457449582, 0.0122071571846, -0.00132595207471, 1703846994467883110, 1.83362938564
0.421345890321, 0.0932491076695, 0.25920394436, -0.706754161213, 0.7074591816, 0.000241155024262, 6.18253960934e-05, 0.525767712344, 0.0946929305665, 0.248039825534, 0.717576630712, -0.696425118821, 0.00714786202484, 0.00497403253938, 1703846994568397045, 1.93362938564
0.412189827859, 0.0892387193311, 0.25920394436, -0.706754161213, 0.7074591816, 0.000241155024262, 6.18253960934e-05, 0.518062038758, 0.0944447970191, 0.249225471375, 0.717392643615, -0.696576122569, 0.00220333784649, 0.0111644819073, 1703846994668950080, 2.03362938564
0.403479878341, 0.0843342852313, 0.25920394436, -0.706754161213, 0.7074591816, 0.000241155024262, 6.18253960934e-05, 0.509745533763, 0.0933041738647, 0.250564557775, 0.716967741636, -0.696871731208, -0.00261385303563, 0.0178945653437, 1703846994769202947, 2.13362938564
0.395303068705, 0.0785848088545, 0.25920394436, -0.706754161213, 0.7074591816, 0.000241155024262, 6.18253960934e-05, 0.50222045813, 0.0919122910562, 0.251344682683, 0.71663857653, -0.697006987249, -0.00624082742277, 0.0239052803316, 1703846994869760036, 2.23362938564
0.387741098928, 0.0720477370682, 0.25920394436, -0.706754161213, 0.7074591816, 0.000241155024262, 6.18253960934e-05, 0.492426207107, 0.0897298348659, 0.252167563002, 0.716180767767, -0.697142218809, -0.0100028341144, 0.0312694410687, 1703846994969845056, 2.33362938564
0.380869525714, 0.0647883861327, 0.25920394436, -0.706754161213, 0.7074591816, 0.000241155024262, 6.18253960934e-05, 0.484869216013, 0.0876138588694, 0.252249944679, 0.715599930977, -0.697457658162, -0.0122119943225, 0.0363375983254, 1703846995070378065, 2.43362938564
0.374757007551, 0.056879289083, 0.25920394436, -0.706754161213, 0.7074591816, 0.000241155024262, 6.18253960934e-05, 0.476307231893, 0.0845892152089, 0.252118872071, 0.714487430276, -0.698267286625, -0.014299750262, 0.0415454636359, 1703846995170409917, 2.53362938564
0.369464618699, 0.0483994710024, 0.25920394436, -0.706754161213, 0.7074591816, 0.000241155024262, 6.18253960934e-05, 0.467993517891, 0.0809328139101, 0.25221048374, 0.712950483248, -0.699544977925, -0.0156784828324, 0.0457451360536, 1703846995270646095, 2.63362938564
0.365045238959, 0.0394336594301, 0.25920394436, -0.706754161213, 0.7074591816, 0.000241155024262, 6.18253960934e-05, 0.461031543032, 0.0768327644195, 0.251986197984, 0.711428803402, -0.700888469525, -0.0164003924896, 0.0485328559159, 1703846995371692895, 2.73362938564
0.361543025311, 0.0300714377916, 0.25920394436, -0.706754161213, 0.7074591816, 0.000241155024262, 6.18253960934e-05, 0.452289537723, 0.0698119860424, 0.251480646771, 0.709298025396, -0.702859362261, -0.0168516424148, 0.0510004921568, 1703846995472034931, 2.83362938564
0.358992970718, 0.0204063503108, 0.25920394436, -0.706754161213, 0.7074591816, 0.000241155024262, 6.18253960934e-05, 0.446415355783, 0.063858856784, 0.25104817666, 0.707730825145, -0.70434581499, -0.0172378356868, 0.0521239778518, 1703846995572503089, 2.93362938564
0.357420554482, 0.0105349673469, 0.25920394436, -0.706754161213, 0.7074591816, 0.000241155024262, 6.18253960934e-05, 0.43781296384, 0.0516468815572, 0.251070159327, -0.705801989701, 0.706247082819, 0.0181906761499, -0.0522274702115, 1703846995673013925, 3.03362938564
0.356841487665, 0.000555920495595, 0.25920394436, -0.706754161213, 0.7074591816, 0.000241155024262, 6.18253960934e-05, 0.435287229357, 0.0469803565671, 0.251382228773, -0.705122059011, 0.706954909938, 0.0185497355298, -0.0517063296121, 1703846995773565053, 3.13362938564
0.357261556113, -0.00943108290577, 0.25920394436, -0.706754161213, 0.7074591816, 0.000241155024262, 6.18253960934e-05, 0.429439328013, 0.032658652384, 0.251937908683, -0.703583353527, 0.708565752668, 0.0202608718737, -0.0499453286756, 1703846995874102115, 3.23362938564
0.358676562639, -0.0193262560204, 0.25920394436, -0.706754161213, 0.7074591816, 0.000241155024262, 6.18253960934e-05, 0.426757620061, 0.0232076891392, 0.25225808446, -0.702662794221, 0.70953860984, 0.0216443564163, -0.0484920673814, 1703846995974658966, 3.33362938564
0.361072368968, -0.0290307295495, 0.25920394436, -0.706754161213, 0.7074591816, 0.000241155024262, 6.18253960934e-05, 0.42542442, 0.0136431836007, 0.25272033665, -0.701720252705, 0.710543060108, 0.0230894778082, -0.046734598437, 1703846996075445890, 3.43362938564
0.364425036993, -0.0384475396014, 0.25920394436, -0.706754161213, 0.7074591816, 0.000241155024262, 6.18253960934e-05, 0.425054390324, 0.00273449298818, 0.252861282716, -0.701036626164, 0.711255122081, 0.0248366473649, -0.0452431325053, 1703846996175698041, 3.53362938564
0.368701067964, -0.0474825965228, 0.25920394436, -0.706754161213, 0.7074591816, 0.000241155024262, 6.18253960934e-05, 0.425053132964, -0.00635917815292, 0.252908289828, -0.700316893252, 0.711975690112, 0.025816376125, -0.0445014655754, 1703846996276238918, 3.63362938564
0.373857737193, -0.0560456250117, 0.25920394436, -0.706754161213, 0.7074591816, 0.000241155024262, 6.18253960934e-05, 0.424928034655, -0.0149410855234, 0.252920287882, -0.699968769483, 0.712338425819, 0.026997369829, -0.043460681911, 1703846996376756906, 3.73362938564
0.379843520946, -0.0640510661178, 0.25920394436, -0.706754161213, 0.7074591816, 0.000241155024262, 6.18253960934e-05, 0.424868760662, -0.0244422148102, 0.252922310063, -0.699339067751, 0.713006330947, 0.028129546195, -0.0418995104672, 1703846996477169036, 3.83362938564
0.38659861125, -0.0714189321199, 0.25920394436, -0.706754161213, 0.7074591816, 0.000241155024262, 6.18253960934e-05, 0.425070222957, -0.0333037197219, 0.252948860492, -0.699025068356, 0.713399230206, 0.0286924641903, -0.0400279233859, 1703846996577676057, 3.93362938564
0.394055513475, -0.0780756057364, 0.25920394436, -0.706754161213, 0.7074591816, 0.000241155024262, 6.18253960934e-05, 0.425943770498, -0.043542353783, 0.253199438516, -0.698593598025, 0.713992481494, 0.0283677543742, -0.0371078385287, 1703846996678167104, 4.03362938564
0.402139720721, -0.083954575685, 0.25920394436, -0.706754161213, 0.7074591816, 0.000241155024262, 6.18253960934e-05, 0.428171129996, -0.0534468969646, 0.253787601598, -0.698166950513, 0.714707143659, 0.0267055277755, -0.0323020556717, 1703846996778765916, 4.13362938564
0.410770458259, -0.0889971012411, 0.25920394436, -0.706754161213, 0.7074591816, 0.000241155024262, 6.18253960934e-05, 0.431236470903, -0.0611002626724, 0.254328276353, -0.698061055294, 0.715133387816, 0.0239899541691, -0.0268231767493, 1703846996879268884, 4.23362938564
0.419861490614, -0.0931527991564, 0.25920394436, -0.706754161213, 0.7074591816, 0.000241155024262, 6.18253960934e-05, 0.433485522885, -0.0652934894698, 0.254690971235, -0.697889207282, 0.715496755701, 0.0218066461127, -0.0232275079563, 1703846996979703903, 4.33362938564
0.429321983195, -0.096380147071, 0.25920394436, -0.706754161213, 0.7074591816, 0.000241155024262, 6.18253960934e-05, 0.439183613179, -0.0727000738974, 0.255309302182, -0.697609096458, 0.716129812574, 0.0163125647289, -0.0152820258368, 1703846997080226898, 4.43362938564
0.439057409888, -0.0986468983912, 0.25920394436, -0.706754161213, 0.7074591816, 0.000241155024262, 6.18253960934e-05, 0.444925647978, -0.0786909227667, 0.255407397556, -0.6977625229, 0.716194863887, 0.0109077195891, -0.00856739344091, 1703846997180469989, 4.53362938564
0.448970497527, -0.0999304044872, 0.25920394436, -0.706754161213, 0.7074591816, 0.000241155024262, 6.18253960934e-05, 0.451008352295, -0.0833430480218, 0.254965961228, -0.697596744196, 0.716465943839, 0.00523789441198, -0.00281038579195, 1703846997280761003, 4.63362938564
0.458962197817, -0.10021784099, 0.25920394436, -0.706754161213, 0.7074591816, 0.000241155024262, 6.18253960934e-05, 0.457593790255, -0.0870716064858, 0.254511525732, -0.697324465059, 0.716751735868, -0.00068992261556, 0.00225023712766, 1703846997381135940, 4.73362938564
0.468932676993, -0.0995063359301, 0.25920394436, -0.706754161213, 0.7074591816, 0.000241155024262, 6.18253960934e-05, 0.465790826885, -0.0902288844903, 0.254077556968, -0.697092412583, 0.716891480772, -0.00820683590377, 0.00783715251742, 1703846997481395006, 4.83362938564
0.478782313321, -0.0978029984298, 0.25920394436, -0.706754161213, 0.7074591816, 0.000241155024262, 6.18253960934e-05, 0.472232443948, -0.0915352315407, 0.254113939383, -0.69694896874, 0.716881879539, -0.0142218679246, 0.0118424758575, 1703846997581691980, 4.93362938564
0.488412692492, -0.0951248476748, 0.25920394436, -0.706754161213, 0.7074591816, 0.000241155024262, 6.18253960934e-05, 0.480201665128, -0.0929259348229, 0.253244232891, -0.696803284884, 0.716757871657, -0.021352468801, 0.0163526043356, 1703846997682230949, 5.03362938564
0.49772759094, -0.0914986428621, 0.25920394436, -0.706754161213, 0.7074591816, 0.000241155024262, 6.18253960934e-05, 0.48690148613, -0.0940008995415, 0.252306979106, -0.696757204049, 0.716534739104, -0.0268716990445, 0.0196285010493, 1703846997782783985, 5.13362938564
0.506633937279, -0.0869606158316, 0.25920394436, -0.706754161213, 0.7074591816, 0.000241155024262, 6.18253960934e-05, 0.494800386884, -0.0948087385934, 0.252132492115, -0.696883181353, 0.716066227893, -0.0327191055424, 0.0230748553804, 1703846997883316993, 5.23362938564
0.51504274224, -0.0815561090491, 0.25920394436, -0.706754161213, 0.7074591816, 0.000241155024262, 6.18253960934e-05, 0.503261282642, -0.0949524150185, 0.252585175188, -0.697299623824, 0.71532979324, -0.0375815332616, 0.0257711054437, 1703846997983839988, 5.33362938564
0.522869987824, -0.0753391225602, 0.25920394436, -0.706754161213, 0.7074591816, 0.000241155024262, 6.18253960934e-05, 0.514153933373, -0.0935492011941, 0.253079025398, -0.698438652796, 0.713837829182, -0.0424053720222, 0.0286493687958, 1703846998083879947, 5.43362938564
0.530037466781, -0.0683717744386, 0.25920394436, -0.706754161213, 0.7074591816, 0.000241155024262, 6.18253960934e-05, 0.52219000881, -0.0914077989614, 0.253188272293, -0.699631876818, 0.712443734064, -0.0450155455376, 0.0302119743424, 1703846998184418916, 5.53362938564
0.536473564029, -0.0607236801236, 0.25920394436, -0.706754161213, 0.7074591816, 0.000241155024262, 6.18253960934e-05, 0.532152440411, -0.0874564681629, 0.253084676304, -0.701450030907, 0.710489613432, -0.0468136029982, 0.0313185235863, 1703846998284954071, 5.63362938564
0.542113972213, -0.0524712568457, 0.25920394436, -0.706754161213, 0.7074591816, 0.000241155024262, 6.18253960934e-05, 0.54087820325, -0.0829577778353, 0.253118647919, -0.703161786233, 0.708714549797, -0.0475147340919, 0.0320864353168, 1703846998385215997, 5.73362938564
0.546902334238, -0.0436969600902, 0.25920394436, -0.706754161213, 0.7074591816, 0.000241155024262, 6.18253960934e-05, 0.548996683204, -0.0776078745348, 0.253168169443, -0.704711028165, 0.707102143175, -0.0480532136088, 0.0328605319757, 1703846998485768079, 5.83362938564
0.550790806375, -0.03448845973, 0.25920394436, -0.706754161213, 0.7074591816, 0.000241155024262, 6.18253960934e-05, 0.557525859355, -0.0701778176607, 0.253012573034, 0.706007161176, -0.705737857429, 0.0487357108642, -0.0333585887833, 1703846998586220979, 5.93362938564
0.553740536294, -0.0249377640567, 0.25920394436, -0.706754161213, 0.7074591816, 0.000241155024262, 6.18253960934e-05, 0.565478578039, -0.060624753832, 0.252930038378, 0.707820159187, -0.70383800764, 0.0494844106649, -0.0339701979841, 1703846998686731100, 6.03362938564
0.555722051269, -0.0151403004644, 0.25920394436, -0.706754161213, 0.7074591816, 0.000241155024262, 6.18253960934e-05, 0.569859895724, -0.0540613019158, 0.252664323175, 0.708577055833, -0.703041927357, 0.049818236746, -0.034186950898, 1703846998787271022, 6.13362938564
0.556715552659, -0.00519396197084, 0.25920394436, -0.706754161213, 0.7074591816, 0.000241155024262, 6.18253960934e-05, 0.573531558857, -0.0466031284618, 0.252875556901, 0.709309792216, -0.702240380326, 0.0503094529993, -0.0347422774792, 1703846998887743949, 6.23362938564
0.556711113724, 0.00480187089768, 0.25920394436, -0.706754161213, 0.7074591816, 0.000241155024262, 6.18253960934e-05, 0.577518234987, -0.0362260166331, 0.253002970684, 0.710219094756, -0.701257971167, 0.0506693449307, -0.0354783427336, 1703846998989546060, 0.0504440784612
0.555708778819, 0.0147473230833, 0.25920394436, -0.706754161213, 0.7074591816, 0.000241155024262, 6.18253960934e-05, 0.579739060458, -0.0285327530328, 0.253013871154, 0.710793300742, -0.700643605441, 0.0507473241364, -0.0360018175577, 1703846999089940071, 0.150444078461
0.553718562941, 0.0245430229153, 0.25920394436, -0.706754161213, 0.7074591816, 0.000241155024262, 6.18253960934e-05, 0.580816244101, -0.0168833057045, 0.253298347026, 0.711547547887, -0.699838204713, 0.0506621794737, -0.0368770645535, 1703846999190435886, 0.250444078461
0.55076035167, 0.034091094999, 0.25920394436, -0.706754161213, 0.7074591816, 0.000241155024262, 6.18253960934e-05, 0.581162694985, -0.0090595625062, 0.253498866458, 0.712239890893, -0.699109712862, 0.0505759328882, -0.0374435870969, 1703846999290832996, 0.350444078461
0.546863702475, 0.0432961381543, 0.25920394436, -0.706754161213, 0.7074591816, 0.000241155024262, 6.18253960934e-05, 0.5812889667, 0.00200625041583, 0.253565023507, 0.712643649646, -0.698686287077, 0.0502464224146, -0.0381024658693, 1703846999391252040, 0.450444078461
0.542067549387, 0.0520661786328, 0.25920394436, -0.706754161213, 0.7074591816, 0.000241155024262, 6.18253960934e-05, 0.581214305949, 0.009795894958, 0.25356186771, 0.71294282815, -0.698377220881, 0.049973847816, -0.0385278558809, 1703846999491622924, 0.550444078461
0.536419813981, 0.060313589089, 0.25920394436, -0.706754161213, 0.7074591816, 0.000241155024262, 6.18253960934e-05, 0.581020209499, 0.0175352704985, 0.253539382846, 0.71335282772, -0.697956613066, 0.0496908304223, -0.038924681539, 1703846999592145919, 0.650444078461
0.529976926565, 0.0679559641238, 0.25920394436, -0.706754161213, 0.7074591816, 0.000241155024262, 6.18253960934e-05, 0.580597052669, 0.0269635751384, 0.253494695305, 0.71387770196, -0.697424506371, 0.0492882319654, -0.0393491390862, 1703846999692569971, 0.750444078461
0.522803262337, 0.0749169436522, 0.25920394436, -0.706754161213, 0.7074591816, 0.000241155024262, 6.18253960934e-05, 0.579916698162, 0.0352135415251, 0.253339427298, 0.714190409732, -0.69713307289, 0.0487422610412, -0.0395187211243, 1703846999792911052, 0.850444078461
0.514970498181, 0.0811269758677, 0.25920394436, -0.706754161213, 0.7074591816, 0.000241155024262, 6.18253960934e-05, 0.578356695415, 0.0450586367717, 0.25281180773, 0.714773169001, -0.696648083723, 0.047438327946, -0.0391199356097, 1703846999893388986, 0.950444078461
0.506556896487, 0.0865240121812, 0.25920394436, -0.706754161213, 0.7074591816, 0.000241155024262, 6.18253960934e-05, 0.575877290753, 0.0551908710393, 0.251575082686, 0.715171806652, -0.696430011081, 0.0455171394136, -0.0379831101444, 1703846999993890047, 1.05044407846
0.497646523181, 0.0910541271898, 0.25920394436, -0.706754161213, 0.7074591816, 0.000241155024262, 6.18253960934e-05, 0.573609693159, 0.0616497651155, 0.250558515723, 0.71565203521, -0.696127146271, 0.0438033214164, -0.0364750566457, 1703847000094187021, 1.15044407846
