0.455839056528, 0.0, 0.246062759908, -0.706235929618, 0.707973107675, 0.00173136133494, -0.00137583186027, 0.455836938289, -0.000720801338127, 0.246061811306, -0.706230022426, 0.707978990745, 0.00173395778026, -0.00137748972028, 1703893162296879053, 0
0.455839056528, 0.00625, 0.246062759908, -0.706235929618, 0.707973107675, 0.00173136133494, -0.00137583186027, 0.455835682003, -0.000720606293151, 0.24606068243, -0.70623114989, 0.707977855827, 0.00173547196366, -0.00138084069428, 1703893162347173929, 0
0.455839056528, 0.0125, 0.246062759908, -0.706235929618, 0.707973107675, 0.00173136133494, -0.00137583186027, 0.455835639293, -0.000719386537267, 0.246060870259, -0.706233272297, 0.707975740893, 0.00173570618142, -0.00137939558821, 1703893162397470951, 0
0.455839056528, 0.01875, 0.246062759908, -0.706235929618, 0.707973107675, 0.00173136133494, -0.00137583186027, 0.4558356419, -0.00071230656009, 0.246061455625, -0.706240603431, 0.707968431424, 0.00173185450876, -0.00138233593349, 1703893162447740077, 0
0.455839056528, 0.025, 0.246062759908, -0.706235929618, 0.707973107675, 0.00173136133494, -0.00137583186027, 0.455834417788, -0.000630476105429, 0.246059754116, -0.706305000303, 0.707904186245, 0.0017165035015, -0.00140116353055, 1703893162497817993, 0
0.455839056528, 0.025, 0.246062759908, -0.706235929618, 0.707973107675, 0.00173136133494, -0.00137583186027, 0.455832541221, -0.000154155845024, 0.246058591594, -0.706505947186, 0.70770358764, 0.00179217023726, -0.00132919423639, 1703893162548016071, 0
0.455839056528, 0.0125, 0.246062759908, -0.706235929618, 0.707973107675, 0.00173136133494, -0.00137583186027, 0.455831348974, 0.000890915344726, 0.246057144295, -0.706841494942, 0.707368167986, 0.0020576537153, -0.00106864792618, 1703893162598304033, 0
0.455839056528, 0.0, 0.246062759908, -0.706235929618, 0.707973107675, 0.00173136133494, -0.00137583186027, 0.455828475054, 0.00238944620737, 0.246059549695, 0.707247000963, -0.70696209668, -0.00239587249812, 0.00073026128004, 1703893162648582935, 0
0.455839056528, -0.0125, 0.246062759908, -0.706235929618, 0.707973107675, 0.00173136133494, -0.00137583186027, 0.45582319608, 0.00346972246001, 0.246057851725, 0.707636115419, -0.706572284452, -0.0025233725794, 0.000606291772061, 1703893162698848962, 0
0.455839056528, -0.025, 0.246062759908, -0.706235929618, 0.707973107675, 0.00173136133494, -0.00137583186027, 0.455816346468, 0.0041162272751, 0.246055504259, 0.708001200583, -0.706206720105, -0.00242073188439, 0.000713097781235, 1703893162749166965, 0
0.455839056528, -0.025, 0.246062759908, -0.706235929618, 0.707973107675, 0.00173136133494, -0.00137583186027, 0.455812765392, 0.00426178234948, 0.246051435156, 0.708132981123, -0.706074691036, -0.00237002348811, 0.000771176238405, 1703893162799292087, 0
0.455839056528, -0.01875, 0.246062759908, -0.706235929618, 0.707973107675, 0.00173136133494, -0.00137583186027, 0.455817925808, 0.00367791554594, 0.246054941562, 0.707967980767, -0.70624053133, -0.00217479976031, 0.000959354455707, 1703893162849708080, 0
0.455839056528, -0.0125, 0.246062759908, -0.706235929618, 0.707973107675, 0.00173136133494, -0.00137583186027, 0.455826067322, 0.00174296335182, 0.24605550709, 0.707421635812, -0.706788296633, -0.00169101711421, 0.00143992662995, 1703893162899888038, 0
0.455839056528, -0.00625, 0.246062759908, -0.706235929618, 0.707973107675, 0.00173136133494, -0.00137583186027, 0.455826415317, 5.74715382322e-05, 0.24605298818, -0.706929709542, 0.707280321846, 0.00149959923643, -0.0016380776681, 1703893162951019048, 0
0.455839056528, 0.0, 0.246062759908, -0.706235929618, 0.707973107675, 0.00173136133494, -0.00137583186027, 0.455825961971, -0.00160922136368, 0.246058182576, -0.706353535379, 0.707855768489, 0.00154655257786, -0.00158184991965, 1703893163001132965, 0
0.455839056528, 0.0, 0.246062759908, -0.706235929618, 0.707973107675, 0.00173136133494, -0.00137583186027, 0.455816048442, -0.0029979670865, 0.246053628523, -0.705742907555, 0.708464483086, 0.00180318501641, -0.00133160266352, 1703893163051410913, 0
0.455839056528, 0.00625, 0.246062759908, -0.706235929618, 0.707973107675, 0.00173136133494, -0.00137583186027, 0.45580429722, -0.00437893675852, 0.246053312249, -0.705146724366, 0.709057469181, 0.00215823001567, -0.000971883444374, 1703893163101680040, 0
0.455839056528, 0.0125, 0.246062759908, -0.706235929618, 0.707973107675, 0.00173136133494, -0.00137583186027, 0.455794030337, -0.0053491759805, 0.24605188788, -0.704549985115, 0.709649912968, 0.00240928841923, -0.000717515188579, 1703893163152015924, 0
0.455839056528, 0.01875, 0.246062759908, -0.706235929618, 0.707973107675, 0.00173136133494, -0.00137583186027, 0.455792610092, -0.00547165972165, 0.246051545832, -0.704448251878, 0.709750817886, 0.00244303796134, -0.000684471555231, 1703893163202091932, 0
0.455839056528, 0.025, 0.246062759908, -0.706235929618, 0.707973107675, 0.00173136133494, -0.00137583186027, 0.455792464815, -0.00534059393477, 0.24605051948, -0.704504645114, 0.709694783971, 0.00246530768251, -0.000663984331419, 1703893163252068996, 0
0.455839056528, 0.025, 0.246062759908, -0.706235929618, 0.707973107675, 0.00173136133494, -0.00137583186027, 0.455807549013, -0.00393809613159, 0.246052762207, -0.704885181127, 0.709315450436, 0.00290242273195, -0.000221681454385, 1703893163302362918, 0
0.455839056528, 0.0125, 0.246062759908, -0.706235929618, 0.707973107675, 0.00173136133494, -0.00137583186027, 0.455810398256, -0.00338267920627, 0.246052447363, -0.705055405809, 0.709145694177, 0.00304166203042, -8.63795494286e-05, 1703893163352641105, 0
0.455839056528, 0.0, 0.246062759908, -0.706235929618, 0.707973107675, 0.00173136133494, -0.00137583186027, 0.455827232205, -0.000339185470322, 0.246057492898, -0.70590537571, 0.708296825016, 0.00360315175837, 0.000474881753327, 1703893163402951955, 0
0.455839056528, -0.0125, 0.246062759908, -0.706235929618, 0.707973107675, 0.00173136133494, -0.00137583186027, 0.45582511484, 0.00160019565598, 0.24605808293, -0.706369465831, 0.707833823849, 0.00363399315277, 0.000499651243766, 1703893163453658103, 0
0.455839056528, -0.025, 0.246062759908, -0.706235929618, 0.707973107675, 0.00173136133494, -0.00137583186027, 0.455820615047, 0.00193513702264, 0.246054508208, -0.70656976932, 0.707634296842, 0.00356253111373, 0.000413991419945, 1703893163504482030, 0
0.455839056528, -0.025, 0.246062759908, -0.706235929618, 0.707973107675, 0.00173136133494, -0.00137583186027, 0.455817717805, 0.00301756221488, 0.246055499323, 0.707163668683, -0.707042535609, -0.00322380371578, -7.49925930657e-05, 1703893163554596900, 0
0.455839056528, -0.01875, 0.246062759908, -0.706235929618, 0.707973107675, 0.00173136133494, -0.00137583186027, 0.455819262658, 0.0023200556567, 0.246052720535, -0.707014668023, 0.707192731856, 0.00294210908066, -0.000207859396307, 1703893163604943037, 0
0.455839056528, -0.0125, 0.246062759908, -0.706235929618, 0.707973107675, 0.00173136133494, -0.00137583186027, 0.455824408597, 0.00104654388305, 0.246056217093, -0.706692105662, 0.70751617725, 0.00261772692056, -0.000523669248961, 1703893163655056953, 0
0.455839056528, -0.00625, 0.246062759908, -0.706235929618, 0.707973107675, 0.00173136133494, -0.00137583186027, 0.455822701763, -0.000598652630082, 0.246055295358, -0.706253776714, 0.707954497014, 0.00231247082219, -0.000827957015128, 1703893163705503940, 0
0.455839056528, 0.0, 0.246062759908, -0.706235929618, 0.707973107675, 0.00173136133494, -0.00137583186027, 0.455813458688, -0.00260164463835, 0.246053824576, -0.705610899241, 0.708595566902, 0.00213918837738, -0.00100265251688, 1703893163755707979, 0
0.455839056528, 0.0, 0.246062759908, -0.706235929618, 0.707973107675, 0.00173136133494, -0.00137583186027, 0.455799401387, -0.00445765299205, 0.246052354021, -0.704833361871, 0.709368415834, 0.00242308298053, -0.000715038737469, 1703893163806056976, 0
0.455839056528, 0.00625, 0.246062759908, -0.706235929618, 0.707973107675, 0.00173136133494, -0.00137583186027, 0.455788507816, -0.00527028199737, 0.246048434848, -0.704405863427, 0.709792353928, 0.002634643571, -0.000502521493689, 1703893163856240987, 0
0.455839056528, 0.0125, 0.246062759908, -0.706235929618, 0.707973107675, 0.00173136133494, -0.00137583186027, 0.455784318398, -0.00569832486201, 0.246047801728, -0.704075924819, 0.71011928211, 0.00274690950122, -0.000389556626288, 1703893163906539916, 0
0.455839056528, 0.01875, 0.246062759908, -0.706235929618, 0.707973107675, 0.00173136133494, -0.00137583186027, 0.455781552193, -0.00572787373854, 0.246045762806, -0.704037496805, 0.710157288067, 0.00277419961564, -0.000364849597445, 1703893163956787109, 0
0.455839056528, 0.025, 0.246062759908, -0.706235929618, 0.707973107675, 0.00173136133494, -0.00137583186027, 0.455785463243, -0.00549548425946, 0.246047426207, -0.704127058385, 0.710068303048, 0.00282754010741, -0.000309312729577, 1703893164006879091, 0
0.455839056528, 0.025, 0.246062759908, -0.706235929618, 0.707973107675, 0.00173136133494, -0.00137583186027, 0.455791165732, -0.00504538153215, 0.2460481211, -0.704263804607, 0.709932136646, 0.00297119137768, -0.000164011760881, 1703893164057194948, 0
0.455839056528, 0.0125, 0.246062759908, -0.706235929618, 0.707973107675, 0.00173136133494, -0.00137583186027, 0.455815181475, -0.00267505055851, 0.24605667858, -0.704924637944, 0.709272943337, 0.00359521900572, 0.000470180850591, 1703893164107420921, 0
0.455839056528, 0.0, 0.246062759908, -0.706235929618, 0.707973107675, 0.00173136133494, -0.00137583186027, 0.455819880806, -0.00185683376791, 0.246057585877, -0.705161603836, 0.709036239334, 0.00378105228068, 0.000653781033623, 1703893164158356904, 0
0.455839056528, -0.0125, 0.246062759908, -0.706235929618, 0.707973107675, 0.00173136133494, -0.00137583186027, 0.455827734314, 0.00137731683732, 0.246063308449, -0.706117857344, 0.708081731401, 0.00410909265217, 0.000973937604852, 1703893164208545923, 0
0.455839056528, -0.025, 0.246062759908, -0.706235929618, 0.707973107675, 0.00173136133494, -0.00137583186027, 0.455822743058, 0.00246360199338, 0.246060581203, -0.706554597394, 0.707647469274, 0.00388729234949, 0.000741006032725, 1703893164258816003, 0
0.455839056528, -0.025, 0.246062759908, -0.706235929618, 0.707973107675, 0.00173136133494, -0.00137583186027, 0.455822289059, 0.00297268658018, 0.246062517901, -0.706887130524, 0.707316285275, 0.00372998957077, 0.000586908111792, 1703893164309093952, 0
0.455839056528, -0.01875, 0.24951103577, -0.706235929618, 0.707973107675, 0.00173136133494, -0.00137583186027, 0.455822521181, 0.00257948121259, 0.246060733856, -0.706868046624, 0.707336725783, 0.00349286689165, 0.000347708625882, 1703893164359369993, 0
0.455839056528, -0.0125, 0.252959311632, -0.706235929618, 0.707973107675, 0.00173136133494, -0.00137583186027, 0.45582845128, 0.00146417618494, 0.246063957595, -0.706586338341, 0.707619797451, 0.00315724826179, 2.25593661829e-05, 1703893164409694910, 0
0.455839056528, -0.00625, 0.256407587495, -0.706235929618, 0.707973107675, 0.00173136133494, -0.00137583186027, 0.455835383661, -1.78811787582e-05, 0.246070029509, -0.706218654913, 0.707988093969, 0.00282555965951, -0.000294045688428, 1703893164459923982, 0
0.455839056528, 0.0, 0.259855863357, -0.706235929618, 0.707973107675, 0.00173136133494, -0.00137583186027, 0.455834648958, -0.00202133857616, 0.246075027229, -0.705566780054, 0.708638619935, 0.00255288955773, -0.000554955261414, 1703893164510277986, 0
0.455839056528, 0.0, 0.263304139219, -0.706235929618, 0.707973107675, 0.00173136133494, -0.00137583186027, 0.455818800794, -0.00403248057491, 0.246071186983, -0.704866324615, 0.709335148988, 0.00262197691035, -0.000485871493197, 1703893164560534954, 0
0.455839056528, 0.00625, 0.266752415081, -0.706235929618, 0.707973107675, 0.00173136133494, -0.00137583186027, 0.455818330906, -0.00479207714484, 0.246076586106, -0.704498507056, 0.709699979396, 0.00277286005772, -0.000322566292137, 1703893164610743999, 0
0.455839056528, 0.0125, 0.270200690943, -0.706235929618, 0.707973107675, 0.00173136133494, -0.00137583186027, 0.455890977523, -0.00554685073008, 0.246170711673, -0.703959311417, 0.710234405665, 0.00289378407221, -5.37866196292e-05, 1703893164661019086, 0
0.455839056528, 0.01875, 0.273648966805, -0.706235929618, 0.707973107675, 0.00173136133494, -0.00137583186027, 0.456202522324, -0.00562730565646, 0.246575974403, -0.703882542353, 0.710311471925, 0.00262635441703, 0.000285806043172, 1703893164711309909, 0
0.455839056528, 0.025, 0.277097242667, -0.706235929618, 0.707973107675, 0.00173136133494, -0.00137583186027, 0.45645712775, -0.00545461423646, 0.246930432449, -0.703973639013, 0.710221864279, 0.00238578182102, 0.000571944358625, 1703893164761426925, 0
0.455839056528, 0.025, 0.280545518529, -0.706235929618, 0.707973107675, 0.00173136133494, -0.00137583186027, 0.456898069857, -0.00487211071413, 0.247647468285, -0.704163043452, 0.710034178629, 0.00207421662919, 0.00125341104875, 1703893164811680078, 0
0.455839056528, 0.0125, 0.283993794391, -0.706235929618, 0.707973107675, 0.00173136133494, -0.00137583186027, 0.457331134819, -0.00342173384506, 0.248758491927, -0.704594497921, 0.709604025473, 0.00168116252028, 0.00242780253868, 1703893164861967086, 0
0.455839056528, 0.0, 0.287442070253, -0.706235929618, 0.707973107675, 0.00173136133494, -0.00137583186027, 0.457462914678, -0.00234844299228, 0.249449098097, -0.704909839702, 0.709288497018, 0.00145059519321, 0.00313714255957, 1703893164912239074, 0
0.455839056528, -0.0125, 0.290890346115, -0.706235929618, 0.707973107675, 0.00173136133494, -0.00137583186027, 0.457699280522, 0.00126757755027, 0.252323906408, -0.705909962577, 0.708281011596, 0.000101706348904, 0.00539657316763, 1703893164962666034, 0
0.455839056528, -0.025, 0.294338621977, -0.706235929618, 0.707973107675, 0.00173136133494, -0.00137583186027, 0.457714848804, 0.00196046225838, 0.253179552486, -0.706127386123, 0.708061018864, -0.000488819452932, 0.00578525605888, 1703893165012681961, 0
0.455839056528, -0.025, 0.297786897839, -0.706235929618, 0.707973107675, 0.00173136133494, -0.00137583186027, 0.457724384486, 0.00268458293854, 0.254455775068, -0.706436088181, 0.707747499419, -0.00137709460284, 0.00629555335176, 1703893165062985897, 0
0.455839056528, -0.01875, 0.301235173701, -0.706235929618, 0.707973107675, 0.00173136133494, -0.00137583186027, 0.457958346266, 0.00236294924161, 0.258876870137, -0.706630650744, 0.70752253266, -0.00426455809032, 0.00817329506081, 1703893165113210916, 0
0.455839056528, -0.0125, 0.304683449563, -0.706235929618, 0.707973107675, 0.00173136133494, -0.00137583186027, 0.45801434726, 0.00178312522288, 0.259970076736, -0.706496851991, 0.707646778526, -0.00499965147643, 0.00855794683399, 1703893165163467884, 0
0.455839056528, -0.00625, 0.308131725426, -0.706235929618, 0.707973107675, 0.00173136133494, -0.00137583186027, 0.458112354576, -0.00120805433848, 0.264595943805, -0.705671516441, 0.708421333886, -0.00787300282256, 0.0102440424591, 1703893165214041948, 0
0.455839056528, 0.0, 0.311580001288, -0.706235929618, 0.707973107675, 0.00173136133494, -0.00137583186027, 0.45807271213, -0.00273306961456, 0.267240266658, -0.705233216141, 0.708824075295, -0.00926074314596, 0.0113481174548, 1703893165264321088, 0
0.455839056528, 0.0, 0.31502827715, -0.706235929618, 0.707973107675, 0.00173136133494, -0.00137583186027, 0.45790741703, -0.00400776773827, 0.269865398352, -0.704726737915, 0.709293573591, -0.0102984664673, 0.0125216978999, 1703893165314582109, 0
0.455839056528, 0.00625, 0.318476553012, -0.706235929618, 0.707973107675, 0.00173136133494, -0.00137583186027, 0.457597568638, -0.00510835259891, 0.273462830276, -0.704174373152, 0.709797296134, -0.0113418597679, 0.0140574824511, 1703893165364811897, 0
0.455839056528, 0.0125, 0.321924828874, -0.706235929618, 0.707973107675, 0.00173136133494, -0.00137583186027, 0.456892803688, -0.00555784860248, 0.277924598708, -0.703785224809, 0.710128406312, -0.0126261618221, 0.0156391792217, 1703893165414971113, 0
0.455839056528, 0.01875, 0.325373104736, -0.706235929618, 0.707973107675, 0.00173136133494, -0.00137583186027, 0.456547160346, -0.00549515162553, 0.280221978408, -0.703805102824, 0.710074731146, -0.0134442332806, 0.0164774396721, 1703893165465235948, 0
0.455839056528, 0.025, 0.328821380598, -0.706235929618, 0.707973107675, 0.00173136133494, -0.00137583186027, 0.455945343337, -0.00519813550139, 0.283216127946, -0.703919360237, 0.709914904179, -0.0144439005785, 0.0175993421631, 1703893165515508890, 0
0.455839056528, 0.025, 0.33226965646, -0.706235929618, 0.707973107675, 0.00173136133494, -0.00137583186027, 0.455404402741, -0.00444074602565, 0.286713470562, -0.704122449679, 0.709647867714, -0.0155705269428, 0.0192103721223, 1703893165565792083, 0
0.455839056528, 0.0125, 0.335717932322, -0.706235929618, 0.707973107675, 0.00173136133494, -0.00137583186027, 0.454852595435, -0.00269768393542, 0.291401703041, -0.704597316537, 0.709084322785, -0.0168635490287, 0.0213931162637, 1703893165616110086, 0
0.455839056528, 0.0, 0.339166208184, -0.706235929618, 0.707973107675, 0.00173136133494, -0.00137583186027, 0.4546886016, -0.00146642352788, 0.293719244967, -0.704907977459, 0.708721509668, -0.0175404234653, 0.0226030660189, 1703893165667200088, 0
0.455839056528, -0.0125, 0.342614484046, -0.706235929618, 0.707973107675, 0.00173136133494, -0.00137583186027, 0.454303202936, 0.000753608367476, 0.297316234755, -0.705497378649, 0.708035720018, -0.0188915274905, 0.0245352417439, 1703893165717323064, 0
0.455839056528, -0.025, 0.346062759908, -0.706235929618, 0.707973107675, 0.00173136133494, -0.00137583186027, 0.453802891416, 0.00274013122748, 0.300986104406, -0.706073252951, 0.707358079563, -0.0208427158043, 0.0258976821648, 1703893165767577886, 0
0.455839056528, -0.025, 0.346062759908, -0.706235929618, 0.707973107675, 0.00173136133494, -0.00137583186027, 0.453553718308, 0.00334686096406, 0.303039496239, -0.706332356791, 0.707043256442, -0.0218893876866, 0.0265572961234, 1703893165817827939, 0
0.455839056528, -0.01875, 0.342614484046, -0.706235929618, 0.707973107675, 0.00173136133494, -0.00137583186027, 0.453193141495, 0.00324366447125, 0.306386023176, -0.706460048407, 0.706829251057, -0.0234403930851, 0.0275165009951, 1703893165867942094, 0
0.455839056528, -0.0125, 0.339166208184, -0.706235929618, 0.707973107675, 0.00173136133494, -0.00137583186027, 0.452800077989, 0.00147446631986, 0.310817155854, -0.705980333489, 0.707206458941, -0.0254420804226, 0.0283459645015, 1703893165918286085, 0
0.455839056528, -0.00625, 0.335717932322, -0.706235929618, 0.707973107675, 0.00173136133494, -0.00137583186027, 0.452586187403, 0.000266116766408, 0.312877923926, -0.705625893174, 0.707505343699, -0.026446200847, 0.028790379989, 1703893165968497037, 0
0.455839056528, 0.0, 0.33226965646, -0.706235929618, 0.707973107675, 0.00173136133494, -0.00137583186027, 0.4523458322, -0.00148259995824, 0.315214090271, -0.705102874376, 0.707954001343, -0.0276792789912, 0.0294096250199, 1703893166018783092, 0
0.455839056528, 0.0, 0.328821380598, -0.706235929618, 0.707973107675, 0.00173136133494, -0.00137583186027, 0.45208253588, -0.00340152919386, 0.317412190764, -0.704454596622, 0.708518715099, -0.0287844277724, 0.0302722376373, 1703893166069027900, 0
0.455839056528, 0.00625, 0.325373104736, -0.706235929618, 0.707973107675, 0.00173136133494, -0.00137583186027, 0.451916497888, -0.00492011449892, 0.319080880051, -0.703759681676, 0.709129204023, -0.0293536399791, 0.0315665371831, 1703893166119431018, 0
0.455839056528, 0.0125, 0.321924828874, -0.706235929618, 0.707973107675, 0.00173136133494, -0.00137583186027, 0.451892120993, -0.00546794240717, 0.319588486278, -0.703387529426, 0.709466043905, -0.0295428362324, 0.0321113191922, 1703893166169753074, 0
0.455839056528, 0.01875, 0.318476553012, -0.706235929618, 0.707973107675, 0.00173136133494, -0.00137583186027, 0.451901989806, -0.00563182484285, 0.319751172507, -0.703249380445, 0.709591594365, -0.0296182313199, 0.0322930098307, 1703893166219849109, 0
0.455839056528, 0.025, 0.31502827715, -0.706235929618, 0.707973107675, 0.00173136133494, -0.00137583186027, 0.451891833509, -0.00515143556607, 0.319693059151, -0.703486671009, 0.709359760638, -0.0294838382762, 0.0323409489844, 1703893166270236015, 0
0.455839056528, 0.025, 0.311580001288, -0.706235929618, 0.707973107675, 0.00173136133494, -0.00137583186027, 0.451864516449, -0.00444527307255, 0.319590878892, -0.703745417873, 0.709108929195, -0.0292126613648, 0.0324581850311, 1703893166320385932, 0
0.455839056528, 0.0125, 0.308131725426, -0.706235929618, 0.707973107675, 0.00173136133494, -0.00137583186027, 0.451748972654, -0.00304000117829, 0.319197607118, -0.704199537702, 0.708681598083, -0.0285871551186, 0.0324988953887, 1703893166370718002, 0
0.455839056528, 0.0, 0.304683449563, -0.706235929618, 0.707973107675, 0.00173136133494, -0.00137583186027, 0.451400685782, -0.000708637385044, 0.31819526512, -0.704878594521, 0.708066501813, -0.0274876307953, 0.0321313888355, 1703893166420975923, 0
0.455839056528, -0.0125, 0.301235173701, -0.706235929618, 0.707973107675, 0.00173136133494, -0.00137583186027, 0.451119653367, 0.000919566800246, 0.317247898312, -0.705383065453, 0.707621458418, -0.0267530984439, 0.0314781556245, 1703893166471292972, 0
0.455839056528, -0.025, 0.297786897839, -0.706235929618, 0.707973107675, 0.00173136133494, -0.00137583186027, 0.450890608327, 0.0021849351891, 0.316176468057, -0.705877692855, 0.707190648572, -0.0262497223445, 0.0304798520188, 1703893166521631956, 0
0.455839056528, -0.025, 0.294338621977, -0.706235929618, 0.707973107675, 0.00173136133494, -0.00137583186027, 0.450660749487, 0.00287621883951, 0.314918404279, -0.70630062454, 0.706837595389, -0.0256227791881, 0.0293856207337, 1703893166571803092, 0
0.455839056528, -0.01875, 0.290890346115, -0.706235929618, 0.707973107675, 0.00173136133494, -0.00137583186027, 0.450429014291, 0.00271873877008, 0.313511130535, -0.706383282763, 0.70682789052, -0.0248669876716, 0.0282599352561, 1703893166622056007, 0
0.455839056528, -0.0125, 0.287442070253, -0.706235929618, 0.707973107675, 0.00173136133494, -0.00137583186027, 0.450249921907, 0.00167477031651, 0.31196795884, -0.706161520349, 0.707127071718, -0.0242374071083, 0.0268283379942, 1703893166672374010, 0
0.455839056528, -0.00625, 0.283993794391, -0.706235929618, 0.707973107675, 0.00173136133494, -0.00137583186027, 0.450031206676, -0.00126303368553, 0.308849183899, -0.705392446074, 0.708044337638, -0.022652720465, 0.0241157047747, 1703893166722574949, 0
0.455839056528, 0.0, 0.280545518529, -0.706235929618, 0.707973107675, 0.00173136133494, -0.00137583186027, 0.449839053075, -0.00269233416208, 0.307238326388, -0.704981738882, 0.708527772411, -0.0216105292152, 0.0228501333027, 1703893166772872924, 0
0.455839056528, 0.0, 0.277097242667, -0.706235929618, 0.707973107675, 0.00173136133494, -0.00137583186027, 0.449656369229, -0.00411162899812, 0.304990590512, -0.704459247077, 0.709142012854, -0.0198254421194, 0.0214878257863, 1703893166823158979, 0
0.455839056528, 0.00625, 0.273648966805, -0.706235929618, 0.707973107675, 0.00173136133494, -0.00137583186027, 0.449842416401, -0.0051333698309, 0.301990837279, -0.703915189412, 0.709788125798, -0.0175750533968, 0.0198831609545, 1703893166873358011, 0
0.455839056528, 0.0125, 0.270200690943, -0.706235929618, 0.707973107675, 0.00173136133494, -0.00137583186027, 0.450012100426, -0.00534934798003, 0.299874837769, -0.703773140261, 0.709998577921, -0.0161336549566, 0.0185766405855, 1703893166923665046, 0
0.455839056528, 0.01875, 0.266752415081, -0.706235929618, 0.707973107675, 0.00173136133494, -0.00137583186027, 0.45023250988, -0.00530230408976, 0.297362753816, -0.703832510991, 0.710013787742, -0.0145427510557, 0.0169919416296, 1703893166974086046, 0
0.455839056528, 0.025, 0.263304139219, -0.706235929618, 0.707973107675, 0.00173136133494, -0.00137583186027, 0.450547557467, -0.00495335173205, 0.294171134735, -0.70402255422, 0.709906180226, -0.0125216646172, 0.0151217175506, 1703893167024319887, 0
0.455839056528, 0.025, 0.259855863357, -0.706235929618, 0.707973107675, 0.00173136133494, -0.00137583186027, 0.450623810057, -0.00447991558822, 0.292251938232, -0.704192287506, 0.709784092099, -0.0110960579758, 0.0140229211127, 1703893167074590921, 0
0.455839056528, 0.0125, 0.256407587495, -0.706235929618, 0.707973107675, 0.00173136133494, -0.00137583186027, 0.450751509459, -0.00356301345717, 0.289945190194, -0.704485418293, 0.709541103167, -0.00934389551573, 0.0128222441809, 1703893167124926090, 0
0.455839056528, 0.0, 0.252959311632, -0.706235929618, 0.707973107675, 0.00173136133494, -0.00137583186027, 0.450945644074, -0.00185696112914, 0.286697134905, -0.704998540564, 0.709086136279, -0.00694154613209, 0.0112126748327, 1703893167174962997, 0
0.455839056528, -0.0125, 0.24951103577, -0.706235929618, 0.707973107675, 0.00173136133494, -0.00137583186027, 0.451297612206, 0.000401086398596, 0.282553784739, -0.705716432933, 0.708423320767, -0.00437931281169, 0.0090297564433, 1703893167225210905, 0
0.455839056528, -0.025, 0.246062759908, -0.706235929618, 0.707973107675, 0.00173136133494, -0.00137583186027, 0.451426002714, 0.00129348167988, 0.28065613933, -0.70605106008, 0.708110013104, -0.00338991899838, 0.00778577878837, 1703893167275484085, 0
0.455839056528, -0.025, 0.246062759908, -0.706235929618, 0.707973107675, 0.00173136133494, -0.00137583186027, 0.451664425281, 0.00227204400174, 0.277452985221, -0.706530417169, 0.707658143956, -0.00176363317776, 0.00562232208611, 1703893167325783014, 0
0.455839056528, -0.01875, 0.246062759908, -0.706235929618, 0.707973107675, 0.00173136133494, -0.00137583186027, 0.452047157919, 0.00191269766435, 0.273229065569, -0.70659545813, 0.707611448251, 0.000260180906967, 0.00297139035638, 1703893167376051902, 0
0.455839056528, -0.0125, 0.246062759908, -0.706235929618, 0.707973107675, 0.00173136133494, -0.00137583186027, 0.452351090969, 0.000822067978967, 0.270577887334, -0.706354641387, 0.707855854687, 0.00125452519908, 0.00127896119139, 1703893167426282882, 0
0.455839056528, -0.00625, 0.246062759908, -0.706235929618, 0.707973107675, 0.00173136133494, -0.00137583186027, 0.452721264382, -0.000598346769125, 0.268020201481, -0.705953974539, 0.708254261514, 0.00219241297705, -0.000283204114559, 1703893167476567983, 0
0.455839056528, 0.0, 0.246062759908, -0.706235929618, 0.707973107675, 0.00173136133494, -0.00137583186027, 0.453174043581, -0.00212854646658, 0.265577613429, -0.705537361826, 0.708664047838, 0.0030903576584, -0.00165772738645, 1703893167526889085, 0
0.455839056528, 0.0, 0.246062759908, -0.706235929618, 0.707973107675, 0.00173136133494, -0.00137583186027, 0.454094205074, -0.00483492452942, 0.260351248231, -0.704408374432, 0.709761587408, 0.0057255224469, -0.00381437577592, 1703893167577212095, 0
0.455839056528, 0.00625, 0.246062759908, -0.706235929618, 0.707973107675, 0.00173136133494, -0.00137583186027, 0.454221434236, -0.00526037509979, 0.259372079535, -0.704171802533, 0.709989033293, 0.00632602026744, -0.0041984030521, 1703893167627456903, 0
0.455839056528, 0.0125, 0.246062759908, -0.706235929618, 0.707973107675, 0.00173136133494, -0.00137583186027, 0.454322826726, -0.00577679052205, 0.257716425155, -0.703834640798, 0.71030767513, 0.00739949474643, -0.00500525136147, 1703893167681669950, 0
0.455839056528, 0.01875, 0.246062759908, -0.706235929618, 0.707973107675, 0.00173136133494, -0.00137583186027, 0.454254616973, -0.00575466657973, 0.254949196858, -0.703785254793, 0.710320619006, 0.00924042089191, -0.0067489237294, 1703893167731956958, 0
0.455839056528, 0.025, 0.246062759908, -0.706235929618, 0.707973107675, 0.00173136133494, -0.00137583186027, 0.454201847355, -0.0053995178015, 0.253943739839, -0.703899907828, 0.710190684286, 0.0100303039191, -0.00731469188861, 1703893167782166957, 0
0.455839056528, 0.025, 0.246062759908, -0.706235929618, 0.707973107675, 0.00173136133494, -0.00137583186027, 0.454108716835, -0.00457225499707, 0.252974214017, -0.704166965957, 0.709907341411, 0.0109578904777, -0.00777015457346, 1703893167832510948, 0
0.455839056528, 0.0125, 0.246062759908, -0.706235929618, 0.707973107675, 0.00173136133494, -0.00137583186027, 0.454000100944, -0.00277720732646, 0.252320976068, -0.704664980222, 0.709396964406, 0.0119124283626, -0.00782985251699, 1703893167882566928, 0
0.455839056528, 0.0, 0.246062759908, -0.706235929618, 0.707973107675, 0.00173136133494, -0.00137583186027, 0.453957033703, -0.00156626026696, 0.252182946857, -0.704989982612, 0.709069218436, 0.0122877882489, -0.00767972285026, 1703893167932801961, 0
0.455839056528, -0.0125, 0.246062759908, -0.706235929618, 0.707973107675, 0.00173136133494, -0.00137583186027, 0.453855585459, 0.000409238251267, 0.252055465415, -0.705579936848, 0.708477623114, 0.0126248830251, -0.00755133051426, 1703893167983089923, 0
0.455839056528, -0.025, 0.246062759908, -0.706235929618, 0.707973107675, 0.00173136133494, -0.00137583186027, 0.453739935933, 0.00226925473302, 0.251925535875, -0.706292813691, 0.707765779702, 0.0124623875025, -0.0079215723899, 1703893168033355951, 0
0.455839056528, -0.025, 0.246062759908, -0.706235929618, 0.707973107675, 0.00173136133494, -0.00137583186027, 0.453629974013, 0.00277526356168, 0.251801564562, -0.70663888652, 0.707418455761, 0.0124045415281, -0.00816944655671, 1703893168083659887, 0
0.455839056528, -0.01875, 0.246062759908, -0.706235929618, 0.707973107675, 0.00173136133494, -0.00137583186027, 0.453531329795, 0.0024250000672, 0.251687957565, -0.706624056165, 0.707432068874, 0.0122687361065, -0.00847285615929, 1703893168133956909, 0
0.455839056528, -0.0125, 0.246062759908, -0.706235929618, 0.707973107675, 0.00173136133494, -0.00137583186027, 0.453443052266, 0.00138380615877, 0.251580039896, -0.706364807973, 0.707690257248, 0.0120023229923, -0.00889955594744, 1703893168184071063, 0
0.455839056528, -0.00625, 0.246062759908, -0.706235929618, 0.707973107675, 0.00173136133494, -0.00137583186027, 0.45338361123, -3.18194528446e-05, 0.251510196604, -0.70603503937, 0.708019010061, 0.0117341825693, -0.00926895532033, 1703893168234342098, 0
0.455839056528, 0.0, 0.246062759908, -0.706235929618, 0.707973107675, 0.00173136133494, -0.00137583186027, 0.453297102458, -0.00203828853639, 0.251419256424, -0.705430449379, 0.708620381522, 0.0114592575727, -0.00968098118937, 1703893168284651994, 0
0.455839056528, 0.0, 0.246062759908, -0.706235929618, 0.707973107675, 0.00173136133494, -0.00137583186027, 0.453207722099, -0.00413869527034, 0.251330199022, -0.704650291227, 0.709394133472, 0.0115633304967, -0.00970669129218, 1703893168334897041, 0
0.455839056528, 0.00625, 0.246062759908, -0.706235929618, 0.707973107675, 0.00173136133494, -0.00137583186027, 0.453164396827, -0.00510719271365, 0.251290268907, -0.704179588941, 0.709859879636, 0.0118248191839, -0.00949902379311, 1703893168385226964, 0
0.455839056528, 0.0125, 0.246062759908, -0.706235929618, 0.707973107675, 0.00173136133494, -0.00137583186027, 0.453131641068, -0.00570626780986, 0.251259882616, -0.703793682408, 0.710241325645, 0.0120019136582, -0.00936301327996, 1703893168435543060, 0
0.455839056528, 0.01875, 0.246062759908, -0.706235929618, 0.707973107675, 0.00173136133494, -0.00137583186027, 0.453083089402, -0.00573121560012, 0.25120489155, -0.70371810728, 0.71031470553, 0.01210892525, -0.00933908581133, 1703893168486159086, 0
0.455839056528, 0.025, 0.246062759908, -0.706235929618, 0.707973107675, 0.00173136133494, -0.00137583186027, 0.453055557786, -0.00520597526784, 0.25116529728, -0.703899878024, 0.71013302776, 0.0122966336997, -0.00921072214615, 1703893168536446094, 0
0.455839056528, 0.025, 0.246062759908, -0.706235929618, 0.707973107675, 0.00173136133494, -0.00137583186027, 0.453022039236, -0.00415991219658, 0.251118901524, -0.704224177034, 0.709808945919, 0.0126224327753, -0.00895784374073, 1703893168586797952, 0
0.455839056528, 0.0125, 0.246062759908, -0.706235929618, 0.707973107675, 0.00173136133494, -0.00137583186027, 0.453008597331, -0.00284577140072, 0.251089525732, -0.70456400684, 0.709468836774, 0.0130147751637, -0.00861078048844, 1703893168637042999, 0
0.455839056528, 0.0, 0.246062759908, -0.706235929618, 0.707973107675, 0.00173136133494, -0.00137583186027, 0.452985450046, -0.000716197123573, 0.251053851591, -0.705123608331, 0.708908798835, 0.0134707129659, -0.0082189901954, 1703893168687227010, 0
0.455839056528, -0.0125, 0.246062759908, -0.706235929618, 0.707973107675, 0.00173136133494, -0.00137583186027, 0.45297986298, 0.0013217256843, 0.251046263918, -0.705675743103, 0.708357887848, 0.0136072727264, -0.00810496441252, 1703893168737649917, 0
0.455839056528, -0.025, 0.246062759908, -0.706235929618, 0.707973107675, 0.00173136133494, -0.00137583186027, 0.452967466296, 0.00275575713964, 0.25103769995, -0.706239971578, 0.707797257993, 0.0133087739984, -0.00842737546537, 1703893168787959098, 0
0.455839056528, -0.025, 0.246062759908, -0.706235929618, 0.707973107675, 0.00173136133494, -0.00137583186027, 0.452952792603, 0.00316697151143, 0.251022055391, -0.70655009083, 0.707488554138, 0.0131328783275, -0.00862800200378, 1703893168838269948, 0
0.455839056528, -0.01875, 0.246062759908, -0.706235929618, 0.707973107675, 0.00173136133494, -0.00137583186027, 0.452943515834, 0.0022631992172, 0.2510065465, -0.706384510745, 0.707655834592, 0.0127584273715, -0.00902027035961, 1703893168888509988, 0
0.455839056528, -0.0125, 0.246062759908, -0.706235929618, 0.707973107675, 0.00173136133494, -0.00137583186027, 0.452933571389, 0.00089591078836, 0.250990620708, -0.706138149454, 0.707903232374, 0.0123849641751, -0.00940957717454, 1703893168938777923, 0
0.455839056528, -0.00625, 0.246062759908, -0.706235929618, 0.707973107675, 0.00173136133494, -0.00137583186027, 0.452909305228, -0.00111947764754, 0.250964748312, -0.705604049635, 0.708436409905, 0.0120354910101, -0.00979414186791, 1703893168989101886, 0
0.455839056528, 0.0, 0.246062759908, -0.706235929618, 0.707973107675, 0.00173136133494, -0.00137583186027, 0.452881952181, -0.00310534194271, 0.250947074351, -0.704997223353, 0.709040466148, 0.0118600196301, -0.00999361617869, 1703893169039346933, 0
0.455839056528, 0.0, 0.246062759908, -0.706235929618, 0.707973107675, 0.00173136133494, -0.00137583186027, 0.45285955552, -0.00441508429457, 0.250931076875, -0.704454798578, 0.709578729265, 0.0119942630599, -0.00987934150754, 1703893169089732885, 0
0.455839056528, 0.00625, 0.246062759908, -0.706235929618, 0.707973107675, 0.00173136133494, -0.00137583186027, 0.452834377158, -0.00548033726163, 0.250914565396, -0.703902806733, 0.710125118199, 0.0122797672707, -0.00961054067632, 1703893169139928102, 0
0.455839056528, 0.0125, 0.246062759908, -0.706235929618, 0.707973107675, 0.00173136133494, -0.00137583186027, 0.452819014025, -0.00588173033664, 0.250900516878, -0.703610804512, 0.710413751842, 0.0123947402346, -0.00951353684866, 1703893169190176010, 0
0.455839056528, 0.01875, 0.246062759908, -0.706235929618, 0.707973107675, 0.00173136133494, -0.00137583186027, 0.452810567097, -0.00572657197741, 0.250889398045, -0.703688805354, 0.710336160505, 0.0124189469796, -0.0095065269741, 1703893169240479946, 0
0.455839056528, 0.025, 0.246062759908, -0.706235929618, 0.707973107675, 0.00173136133494, -0.00137583186027, 0.452806542801, -0.0053120161983, 0.250877820388, -0.703841724975, 0.710183895027, 0.0125375004026, -0.00940598281072, 1703893169290642023, 0
0.455839056528, 0.025, 0.246062759908, -0.706235929618, 0.707973107675, 0.00173136133494, -0.00137583186027, 0.452799561038, -0.00455695593315, 0.250863662859, -0.704082812324, 0.709943455001, 0.0127786363377, -0.00918643263916, 1703893169340872049, 0
0.455839056528, 0.0125, 0.246062759908, -0.706235929618, 0.707973107675, 0.00173136133494, -0.00137583186027, 0.452798677423, -0.00342957081248, 0.250850916311, -0.704378957201, 0.709647612835, 0.0131004082321, -0.00888423059362, 1703893169391155004, 0
0.455839056528, 0.0, 0.246062759908, -0.706235929618, 0.707973107675, 0.00173136133494, -0.00137583186027, 0.452798058634, -0.0018401775061, 0.250840650476, -0.704777861774, 0.709248348086, 0.0135346464808, -0.00847110594006, 1703893169441297054, 0
0.455839056528, -0.0125, 0.246062759908, -0.706235929618, 0.707973107675, 0.00173136133494, -0.00137583186027, 0.452795370454, -5.36865178728e-05, 0.250832535085, -0.705252078923, 0.708773976405, 0.0138729305633, -0.00815459036838, 1703893169491585969, 0
0.455839056528, -0.025, 0.246062759908, -0.706235929618, 0.707973107675, 0.00173136133494, -0.00137583186027, 0.452776970657, 0.00288063697156, 0.250817690187, -0.706308922048, 0.707722650923, 0.0135665784158, -0.00850317329674, 1703893169541902065, 0
0.455839056528, -0.025, 0.246062759908, -0.706235929618, 0.707973107675, 0.00173136133494, -0.00137583186027, 0.452770948697, 0.0032172928868, 0.250810773504, -0.706574877564, 0.70745802564, 0.0134214626384, -0.00865729136144, 1703893169591941118, 0
0.455839056528, -0.01875, 0.246062759908, -0.706235929618, 0.707973107675, 0.00173136133494, -0.00137583186027, 0.452767814644, 0.00301923838818, 0.250807304974, -0.706581095326, 0.707452664375, 0.0132827704014, -0.00880064812078, 1703893169642206907, 0
0.455839056528, -0.0125, 0.246062759908, -0.706235929618, 0.707973107675, 0.00173136133494, -0.00137583186027, 0.452766401534, 0.00213090528542, 0.250800640993, -0.706382832921, 0.707652457468, 0.012959810134, -0.00912886171337, 1703893169692482948, 0
0.455839056528, -0.00625, 0.246062759908, -0.706235929618, 0.707973107675, 0.00173136133494, -0.00137583186027, 0.452754970544, -0.000972141938989, 0.250787242566, -0.705595641109, 0.708440254215, 0.0122774061084, -0.00982154542494, 1703893169742722034, 0
0.455839056528, 0.0, 0.246062759908, -0.706235929618, 0.707973107675, 0.00173136133494, -0.00137583186027, 0.452741793067, -0.00293905133269, 0.250781786814, -0.705040726222, 0.708993131518, 0.0120692219062, -0.0100323332997, 1703893169792993068, 0
0.455839056528, 0.0, 0.246062759908, -0.706235929618, 0.707973107675, 0.00173136133494, -0.00137583186027, 0.452720755725, -0.00475432113503, 0.250773564661, -0.704292765247, 0.709735361988, 0.0122892913751, -0.00981784506679, 1703893169843491077, 0
0.455839056528, 0.00625, 0.246062759908, -0.706235929618, 0.707973107675, 0.00173136133494, -0.00137583186027, 0.452709183328, -0.00551786041347, 0.250768933526, -0.703832622686, 0.710190922237, 0.0124888309371, -0.00961885212708, 1703893169893742084, 0
0.455839056528, 0.0125, 0.246062759908, -0.706235929618, 0.707973107675, 0.00173136133494, -0.00137583186027, 0.452703764986, -0.00584459227812, 0.250766244665, -0.703583458126, 0.710437403637, 0.0125729234014, -0.00953596151702, 1703893169944003105, 0
0.455839056528, 0.01875, 0.246062759908, -0.706235929618, 0.707973107675, 0.00173136133494, -0.00137583186027, 0.452702682117, -0.00579093439106, 0.250763749591, -0.703606853851, 0.710414144214, 0.0125826205633, -0.00952977299628, 1703893169994450092, 0
0.455839056528, 0.025, 0.246062759908, -0.706235929618, 0.707973107675, 0.00173136133494, -0.00137583186027, 0.452704758441, -0.00550610542481, 0.250763389744, -0.703756537747, 0.710265721973, 0.0126106407912, -0.00950323661888, 1703893170044740915, 0
0.455839056528, 0.025, 0.246062759908, -0.706235929618, 0.707973107675, 0.00173136133494, -0.00137583186027, 0.452705596423, -0.00492400631567, 0.250756546662, -0.703958120178, 0.710064932433, 0.0127969090864, -0.00932715832067, 1703893170095305919, 0
0.455839056528, 0.0125, 0.246062759908, -0.706235929618, 0.707973107675, 0.00173136133494, -0.00137583186027, 0.452715227688, -0.00370944606985, 0.250755799222, -0.704302623845, 0.709721297013, 0.0131476247841, -0.00897967562296, 1703893170145641088, 0
0.455839056528, 0.0, 0.246062759908, -0.706235929618, 0.707973107675, 0.00173136133494, -0.00137583186027, 0.452729355045, -0.00178285710735, 0.250760359532, -0.704778275433, 0.709245882715, 0.0136218595761, -0.00850325059412, 1703893170195863962, 0
0.455839056528, -0.0125, 0.246062759908, -0.706235929618, 0.707973107675, 0.00173136133494, -0.00137583186027, 0.45273529034, 0.000855534746982, 0.250761735724, -0.705462274595, 0.708562323966, 0.0140136262336, -0.00812591282579, 1703893170246164083, 0
0.455839056528, -0.025, 0.246062759908, -0.706235929618, 0.707973107675, 0.00173136133494, -0.00137583186027, 0.452731534828, 0.00192494930177, 0.250758973522, -0.705821838054, 0.708204815414, 0.0139164630094, -0.00823434322268, 1703893170296304941, 0
0.455839056528, -0.025, 0.246062759908, -0.706235929618, 0.707973107675, 0.00173136133494, -0.00137583186027, 0.452723719716, 0.00299754095665, 0.250755258482, -0.70631392486, 0.707715939551, 0.0136491030748, -0.00851413175334, 1703893170346538066, 0
0.455839056528, -0.01875, 0.246062759908, -0.706235929618, 0.707973107675, 0.00173136133494, -0.00137583186027, 0.45272243392, 0.00251556420806, 0.250749529009, -0.706461695241, 0.707571944083, 0.0131027416974, -0.00906285076913, 1703893170396557092, 0
0.455839056528, -0.0125, 0.246062759908, -0.706235929618, 0.707973107675, 0.00173136133494, -0.00137583186027, 0.452718460098, 0.00192105989117, 0.250744663324, -0.706301061072, 0.707733100854, 0.0129379368894, -0.0092346560843, 1703893170446907997, 0
0.455839056528, -0.00625, 0.246062759908, -0.706235929618, 0.707973107675, 0.00173136133494, -0.00137583186027, 0.452720967543, 0.000464825743358, 0.250745214857, -0.705979839231, 0.708055317088, 0.012579129659, -0.00958645080307, 1703893170497157096, 0
0.455839056528, 0.0, 0.246062759908, -0.706235929618, 0.707973107675, 0.00173136133494, -0.00137583186027, 0.452703501736, -0.00274940252295, 0.250736908195, -0.705077683375, 0.708955214404, 0.0121252041636, -0.0100470791512, 1703893170547430038, 0
0.455839056528, 0.0, 0.246062759908, -0.706235929618, 0.707973107675, 0.00173136133494, -0.00137583186027, 0.452691449026, -0.00415664016065, 0.250731938763, -0.70457031055, 0.709459220355, 0.0121985159563, -0.00997438484025, 1703893170597769975, 0
0.455839056528, 0.00625, 0.246062759908, -0.706235929618, 0.707973107675, 0.00173136133494, -0.00137583186027, 0.452683336735, -0.00509428865449, 0.250733752197, -0.704133314543, 0.709892308428, 0.0124214877156, -0.00974127444087, 1703893170647988080, 0
0.455839056528, 0.0125, 0.246062759908, -0.706235929618, 0.707973107675, 0.00173136133494, -0.00137583186027, 0.452672700218, -0.00572515171941, 0.250729162132, -0.703673596154, 0.710347284769, 0.0125880558952, -0.00957841043008, 1703893170698364973, 0
0.455839056528, 0.01875, 0.246062759908, -0.706235929618, 0.707973107675, 0.00173136133494, -0.00137583186027, 0.45267119387, -0.00564332557294, 0.250725723742, -0.7037092119, 0.710311840798, 0.0126091655372, -0.00956257565629, 1703893170748742103, 0
0.455839056528, 0.025, 0.246062759908, -0.706235929618, 0.707973107675, 0.00173136133494, -0.00137583186027, 0.452674331494, -0.00527756519265, 0.25072470684, -0.7038645972, 0.71015750807, 0.0126853446567, -0.00948812785934, 1703893170798677921, 0
0.455839056528, 0.025, 0.246062759908, -0.706235929618, 0.707973107675, 0.00173136133494, -0.00137583186027, 0.452679601361, -0.00453620020949, 0.250721087997, -0.704097095515, 0.709925828084, 0.0129162357398, -0.00926118572681, 1703893170849045038, 0
0.455839056528, 0.0125, 0.246062759908, -0.706235929618, 0.707973107675, 0.00173136133494, -0.00137583186027, 0.45268841585, -0.00345688726399, 0.250722407908, -0.704368462565, 0.709654810741, 0.0132314413522, -0.00894692658704, 1703893170899307012, 0
0.455839056528, 0.0, 0.246062759908, -0.706235929618, 0.707973107675, 0.00173136133494, -0.00137583186027, 0.452700754009, -0.00182332096471, 0.250726330362, -0.704818662176, 0.709205079806, 0.0136298763224, -0.00854603402029, 1703893170949615001, 0
0.455839056528, -0.0125, 0.246062759908, -0.706235929618, 0.707973107675, 0.00173136133494, -0.00137583186027, 0.452704162811, 0.000301885904851, 0.250726198886, -0.7053654398, 0.708658179638, 0.0140103707287, -0.0081786478138, 1703893170999813079, 0
0.455839056528, -0.025, 0.246062759908, -0.706235929618, 0.707973107675, 0.00173136133494, -0.00137583186027, 0.452695475232, 0.002382707979, 0.250719479248, -0.706079025056, 0.707948389032, 0.0138237285392, -0.00839007581696, 1703893171050139904, 0
0.455839056528, -0.025, 0.246062759908, -0.706235929618, 0.707973107675, 0.00173136133494, -0.00137583186027, 0.452691812545, 0.00310290604913, 0.250718440859, -0.706478439166, 0.707551224066, 0.0136244281487, -0.00859390904962, 1703893171100361108, 0
0.455839056528, -0.01875, 0.246062759908, -0.706235929618, 0.707973107675, 0.00173136133494, -0.00137583186027, 0.452688128828, 0.00298351334744, 0.250713701512, -0.706571845289, 0.707459130486, 0.0134415979125, -0.00878234489824, 1703893171150544881, 0
0.455839056528, -0.0125, 0.246062759908, -0.706235929618, 0.707973107675, 0.00173136133494, -0.00137583186027, 0.45268933274, 0.00212185244068, 0.250709724131, -0.70637408773, 0.707658483691, 0.0131277536168, -0.00909839156204, 1703893171200851917, 0
0.455839056528, -0.00625, 0.246062759908, -0.706235929618, 0.707973107675, 0.00173136133494, -0.00137583186027, 0.452680206449, -0.00133707803459, 0.250701185459, -0.705490025543, 0.70854319981, 0.0124058450638, -0.00982104219815, 1703893171251108884, 0
0.455839056528, 0.0, 0.246062759908, -0.706235929618, 0.707973107675, 0.00173136133494, -0.00137583186027, 0.452676453672, -0.00213873574345, 0.25069855619, -0.705258796334, 0.708773698563, 0.0123098837438, -0.00991671219582, 1703893171301403999, 0
0.455839056528, 0.0, 0.246062759908, -0.706235929618, 0.707973107675, 0.00173136133494, -0.00137583186027, 0.452662464542, -0.00365434284891, 0.25069533674, -0.704815549616, 0.709214545181, 0.012278302417, -0.00995053827815, 1703893171351684093, 0
0.455839056528, 0.00625, 0.246062759908, -0.706235929618, 0.707973107675, 0.00173136133494, -0.00137583186027, 0.452640673647, -0.00553124297901, 0.250689681138, -0.703905163926, 0.710116685339, 0.0126674662285, -0.00955765144163, 1703893171401961088, 0
0.455839056528, 0.0125, 0.246062759908, -0.706235929618, 0.707973107675, 0.00173136133494, -0.00137583186027, 0.452636684951, -0.00580073286048, 0.250685331529, -0.703691637932, 0.710327935863, 0.0127371881322, -0.0094903253703, 1703893171452224969, 0
0.455839056528, 0.01875, 0.246062759908, -0.706235929618, 0.707973107675, 0.00173136133494, -0.00137583186027, 0.452638672783, -0.00572260262507, 0.250687149471, -0.703735099781, 0.710284899407, 0.0127390736841, -0.00948614845478, 1703893171502485990, 0
0.455839056528, 0.025, 0.246062759908, -0.706235929618, 0.707973107675, 0.00173136133494, -0.00137583186027, 0.45264183494, -0.00531102576275, 0.250687159893, -0.703916142139, 0.710105090678, 0.0128166283771, -0.00941058274001, 1703893171552783966, 0
0.455839056528, 0.025, 0.246062759908, -0.706235929618, 0.707973107675, 0.00173136133494, -0.00137583186027, 0.452653284437, -0.00403550883258, 0.250687328676, -0.704295652636, 0.709726453156, 0.0132344272897, -0.00899140160917, 1703893171603049039, 0
0.455839056528, 0.0125, 0.246062759908, -0.706235929618, 0.707973107675, 0.00173136133494, -0.00137583186027, 0.452659854851, -0.0031024276462, 0.250685592262, -0.704503937359, 0.709517946808, 0.0134992933587, -0.0087323812106, 1703893171653321981, 0
0.455839056528, 0.0, 0.246062759908, -0.706235929618, 0.707973107675, 0.00173136133494, -0.00137583186027, 0.452674191326, -0.00102247535255, 0.250690472572, -0.705051291258, 0.708970445607, 0.0139859883789, -0.00824476073908, 1703893171703655004, 0
0.455839056528, -0.0125, 0.246062759908, -0.706235929618, 0.707973107675, 0.00173136133494, -0.00137583186027, 0.452674417, 0.00139915293603, 0.250690548433, -0.705820966166, 0.708202493123, 0.0141674738738, -0.00807930316263, 1703893171754228115, 0
0.455839056528, -0.025, 0.246062759908, -0.706235929618, 0.707973107675, 0.00173136133494, -0.00137583186027, 0.452669347829, 0.00254742256814, 0.250688615948, -0.706222421736, 0.707804026877, 0.0139234955456, -0.00833587695978, 1703893171805246114, 0
0.455839056528, -0.025, 0.246062759908, -0.706235929618, 0.707973107675, 0.00173136133494, -0.00137583186027, 0.452663122913, 0.00316493774904, 0.250684414176, -0.70659421839, 0.707434108626, 0.0137466497576, -0.0085218607885, 1703893171855689048, 0
0.455839056528, -0.01875, 0.246062759908, -0.706235929618, 0.707973107675, 0.00173136133494, -0.00137583186027, 0.452663613748, 0.00288113864701, 0.250683049311, -0.706645482145, 0.707384661425, 0.0134990535648, -0.0087680611972, 1703893171905853986, 0
0.455839056528, -0.0125, 0.246062759908, -0.706235929618, 0.707973107675, 0.00173136133494, -0.00137583186027, 0.452664236745, 0.0018751982779, 0.250680771748, -0.706377707145, 0.707654119583, 0.0131696358557, -0.00909629470144, 1703893171956207990, 0
0.455839056528, -0.00625, 0.246062759908, -0.706235929618, 0.707973107675, 0.00173136133494, -0.00137583186027, 0.45266580171, 0.000401529464653, 0.250679002437, -0.706007930328, 0.708025094101, 0.0127849490676, -0.00947699925427, 1703893172006453037, 0
0.455839056528, 0.0, 0.246062759908, -0.706235929618, 0.707973107675, 0.00173136133494, -0.00137583186027, 0.452659664353, -0.00165887464486, 0.250677081795, -0.705413887797, 0.708618419524, 0.0124399870171, -0.00981983389845, 1703893172056781053, 0
0.455839056528, 0.0, 0.246062759908, -0.706235929618, 0.707973107675, 0.00173136133494, -0.00137583186027, 0.452642450899, -0.00386980230052, 0.250672616808, -0.704682547716, 0.709345941542, 0.012372704093, -0.00988728251029, 1703893172106986045, 0
0.455839056528, 0.00625, 0.246062759908, -0.706235929618, 0.707973107675, 0.00173136133494, -0.00137583186027, 0.452630387288, -0.0049301962846, 0.250669250604, -0.704224129362, 0.709800285651, 0.0125809886865, -0.00967723294878, 1703893172157085895, 0
0.455839056528, 0.0125, 0.246062759908, -0.706235929618, 0.707973107675, 0.00173136133494, -0.00137583186027, 0.452620256481, -0.00579974939491, 0.250666081433, -0.703638683951, 0.710379705881, 0.0128047878892, -0.00945057284265, 1703893172207426071, 0
0.455839056528, 0.01875, 0.246062759908, -0.706235929618, 0.707973107675, 0.00173136133494, -0.00137583186027, 0.452621754025, -0.00566443643383, 0.250667799403, -0.703716006252, 0.710303112559, 0.012807746044, -0.00944629423293, 1703893172257653951, 0
