0.000277996325745, 0.315719365835, 0.288667243235, 0.99999725672, -0.000390237650432, -0.000120317534965, 0.00230646710339, 0.000311242417283, 0.315213210319, 0.288223926323, 0.999995175382, -0.000476308172312, -0.000118249347383, 0.00306730513591, 1703895680733661890, 0
0.000277996325745, 0.319800998488, 0.2890754065, 0.99999725672, -0.000390237650432, -0.000120317534965, 0.00230646710339, 0.000317057823415, 0.315211932846, 0.288222485786, 0.999995165825, -0.000488222593789, -0.00011885353664, 0.00306852392823, 1703895680934233903, 0
0.000277996325745, 0.323882631141, 0.289483569766, 0.99999725672, -0.000390237650432, -0.000120317534965, 0.00230646710339, 0.00032562568855, 0.315217732909, 0.288224094184, 0.99999518284, -0.000498073025369, -0.000117730399954, 0.00306143089027, 1703895681135206937, 0
0.000277996325745, 0.327964263794, 0.289891733031, 0.99999725672, -0.000390237650432, -0.000120317534965, 0.00230646710339, 0.000332934548808, 0.315342003394, 0.288264093736, 0.999995723152, -0.000507418938211, -0.000116469858907, 0.00287795726239, 1703895681335824012, 0
0.000277996325745, 0.332045896447, 0.290299896296, 0.99999725672, -0.000390237650432, -0.000120317534965, 0.00230646710339, 0.000340572935957, 0.315734238587, 0.288368167248, 0.999997225065, -0.000519077903005, -0.000114681844166, 0.00229505302658, 1703895681536740064, 0
0.000277996325745, 0.3361275291, 0.290708059562, 0.99999725672, -0.000390237650432, -0.000120317534965, 0.00230646710339, 0.000343913025449, 0.316793254043, 0.288670756667, 0.999999594206, -0.000523687502009, -0.000115030655743, 0.000723952600697, 1703895681737217903, 0
0.000277996325745, 0.340209161753, 0.291116222827, 0.99999725672, -0.000390237650432, -0.000120317534965, 0.00230646710339, 0.000352015015206, 0.319043287454, 0.289269053261, 0.999996429479, -0.00053407313756, -0.000110806078839, -0.0026160117209, 1703895681938198089, 0
0.000277996325745, 0.344290794406, 0.291524386092, 0.99999725672, -0.000390237650432, -0.000120317534965, 0.00230646710339, 0.000357491467817, 0.321964941719, 0.290062204422, 0.999975622903, -0.000535131095154, -0.000108239480809, -0.00696099978515, 1703895682138376951, 0
0.000277996325745, 0.348372427059, 0.291932549358, 0.99999725672, -0.000390237650432, -0.000120317534965, 0.00230646710339, 0.000363324198479, 0.32487421409, 0.290877355385, 0.999936029753, -0.000541254056933, -0.000106291676498, -0.0112974399006, 1703895682339364051, 0
0.000277996325745, 0.352454059712, 0.292340712623, 0.99999725672, -0.000390237650432, -0.000120317534965, 0.00230646710339, 0.000370427722858, 0.327783146948, 0.291723669718, 0.999877446675, -0.000548607157708, -0.00010409940519, -0.0156454409787, 1703895682539438009, 0
0.000277996325745, 0.356535692365, 0.292748875888, 0.99999725672, -0.000390237650432, -0.000120317534965, 0.00230646710339, 0.000376368012271, 0.330182425024, 0.292434764166, 0.99981476964, -0.000548937969226, -0.000100619641219, -0.0192383718909, 1703895682740534067, 0
0.000277996325745, 0.360617325018, 0.293157039153, 0.99999725672, -0.000390237650432, -0.000120317534965, 0.00230646710339, 0.000380905200678, 0.333447741361, 0.293324549086, 0.999712047595, -0.00054865343937, -9.60682663368e-05, -0.0239898237471, 1703895682940507888, 0
0.000277996325745, 0.364698957671, 0.293565202419, 0.99999725672, -0.000390237650432, -0.000120317534965, 0.00230646710339, 0.000385645197136, 0.336410110222, 0.2939574981, 0.999606912717, -0.000554045105065, -9.43614817244e-05, -0.0280304152336, 1703895683141639947, 0
0.000277996325745, 0.368780590325, 0.293973365684, 0.99999725672, -0.000390237650432, -0.000120317534965, 0.00230646710339, 0.000391698599768, 0.340468977491, 0.293979039683, 0.999475447702, -0.000551084459156, -8.8238679911e-05, -0.0323808270567, 1703895683342653989, 0
0.000277996325745, 0.372862222978, 0.294381528949, 0.99999725672, -0.000390237650432, -0.000120317534965, 0.00230646710339, 0.000399660500986, 0.344786731573, 0.29277465537, 0.999374287545, -0.000552656583173, -8.45444006656e-05, -0.0353655314763, 1703895683543462038, 0
0.000277996325745, 0.376943855631, 0.294789692215, 0.99999725672, -0.000390237650432, -0.000120317534965, 0.00230646710339, 0.000408158625123, 0.349064309866, 0.291491454266, 0.999268278277, -0.000560221052666, -8.02944283635e-05, -0.0382437934092, 1703895683744401931, 0
0.000277996325745, 0.381025488284, 0.29519785548, 0.99999725672, -0.000390237650432, -0.000120317534965, 0.00230646710339, 0.000407800468249, 0.351223050298, 0.291973678608, 0.999152199212, -0.000559291909153, -8.11436373323e-05, -0.0411650752178, 1703895683945130109, 0
0.000277996325745, 0.385107120937, 0.295606018745, 0.99999725672, -0.000390237650432, -0.000120317534965, 0.00230646710339, 0.000413196559869, 0.353760907151, 0.292909016891, 0.998985995166, -0.000563145317993, -7.724456541e-05, -0.0450184224761, 1703895684145139932, 0
0.000277996325745, 0.38918875359, 0.296014182011, 0.99999725672, -0.000390237650432, -0.000120317534965, 0.00230646710339, 0.000418098231732, 0.355960998628, 0.293629005784, 0.998835545512, -0.000563219719962, -7.5782336115e-05, -0.0482413729336, 1703895684345938920, 0
0.000277996325745, 0.393270386243, 0.296422345276, 0.99999725672, -0.000390237650432, -0.000120317534965, 0.00230646710339, 0.000423301310694, 0.359274079263, 0.293972781484, 0.998638148474, -0.000561747025359, -7.14856409412e-05, -0.0521682637444, 1703895684545979976, 0
0.000277996325745, 0.397352018896, 0.296830508541, 0.99999725672, -0.000390237650432, -0.000120317534965, 0.00230646710339, 0.000428297527863, 0.363558397649, 0.293114036643, 0.998461160874, -0.000561927372627, -6.88471129669e-05, -0.0554525898783, 1703895684746997117, 0
0.000277996325745, 0.401433651549, 0.297238671807, 0.99999725672, -0.000390237650432, -0.000120317534965, 0.00230646710339, 0.000435561587518, 0.367883784529, 0.291873760476, 0.998366654601, -0.000566025840319, -6.60612568594e-05, -0.0571287863586, 1703895684947221040, 0
0.000277996325745, 0.405515284202, 0.297646835072, 0.99999725672, -0.000390237650432, -0.000120317534965, 0.00230646710339, 0.000443580220609, 0.372218209089, 0.291764757593, 0.998219722942, -0.000568847259016, -6.12577568789e-05, -0.0596410713373, 1703895685147371053, 0
0.000277996325745, 0.409596916855, 0.298054998337, 0.99999725672, -0.000390237650432, -0.000120317534965, 0.00230646710339, 0.000448216103743, 0.37615942554, 0.291039301144, 0.998046297069, -0.000567846854967, -5.87440054367e-05, -0.0624760994774, 1703895685348453998, 0
0.000277996325745, 0.413678549508, 0.298463161602, 0.99999725672, -0.000390237650432, -0.000120317534965, 0.00230646710339, 0.00045296484103, 0.37958476729, 0.290633157479, 0.997864259394, -0.000568012550053, -5.7810656725e-05, -0.0653191690298, 1703895685549213886, 0
0.000277996325745, 0.417760182161, 0.298871324868, 0.99999725672, -0.000390237650432, -0.000120317534965, 0.00230646710339, 0.000457869367706, 0.381665757836, 0.291063539999, 0.997692616984, -0.000567983983476, -5.39495962762e-05, -0.0678904742925, 1703895685750293016, 0
0.000277996325745, 0.421841814814, 0.299279488133, 0.99999725672, -0.000390237650432, -0.000120317534965, 0.00230646710339, 0.000461286623013, 0.384570496969, 0.291796143584, 0.997419395682, -0.00057012895057, -5.28234612156e-05, -0.0717929055026, 1703895685950500965, 0
0.000277996325745, 0.425923447467, 0.299687651398, 0.99999725672, -0.000390237650432, -0.000120317534965, 0.00230646710339, 0.000465251888732, 0.38750497565, 0.292486762136, 0.997130599255, -0.000572755182634, -4.89882492296e-05, -0.0756983327492, 1703895686150857925, 0
0.000277996325745, 0.43000508012, 0.300095814664, 0.99999725672, -0.000390237650432, -0.000120317534965, 0.00230646710339, 0.000469452715882, 0.390357840942, 0.293348895842, 0.996818618349, -0.000574092294044, -4.61239850598e-05, -0.0797013826957, 1703895686351759910, 0
0.000277996325745, 0.434086712773, 0.300503977929, 0.99999725672, -0.000390237650432, -0.000120317534965, 0.00230646710339, 0.000472375144596, 0.392983761446, 0.293642003654, 0.996567256709, -0.000573351405114, -4.42341756117e-05, -0.0827850962799, 1703895686551920890, 0
0.000277996325745, 0.438168345427, 0.300912141194, 0.99999725672, -0.000390237650432, -0.000120317534965, 0.00230646710339, 0.000475793454583, 0.396260050605, 0.293750019825, 0.996266904358, -0.000570018034897, -4.10402507608e-05, -0.0863245543078, 1703895686753101110, 0
0.000277996325745, 0.44224997808, 0.30132030446, 0.99999725672, -0.000390237650432, -0.000120317534965, 0.00230646710339, 0.000485729327371, 0.401646474084, 0.291999041635, 0.995971257081, -0.000572157455328, -3.53159825373e-05, -0.0896712130924, 1703895686953103065, 0
0.000277996325745, 0.446331610733, 0.301728467725, 0.99999725672, -0.000390237650432, -0.000120317534965, 0.00230646710339, 0.000491350203736, 0.40694554871, 0.289701636247, 0.995801548343, -0.000570414645311, -3.26528270758e-05, -0.0915366040411, 1703895687153542041, 0
0.000277996325745, 0.450413243386, 0.30213663099, 0.99999725672, -0.000390237650432, -0.000120317534965, 0.00230646710339, 0.000498595910757, 0.411271181434, 0.290779888013, 0.995667010273, -0.000570218625352, -2.79577126441e-05, -0.0929885945839, 1703895687354378938, 0
0.000277996325745, 0.454494876039, 0.302544794255, 0.99999725672, -0.000390237650432, -0.000120317534965, 0.00230646710339, 0.000512370828958, 0.41701708459, 0.292529385428, 0.995720283451, -0.000577898119125, -2.87301048241e-05, -0.092416353171, 1703895687554769992, 0
0.000277996325745, 0.458576508692, 0.302952957521, 0.99999725672, -0.000390237650432, -0.000120317534965, 0.00230646710339, 0.000514020938341, 0.421386709706, 0.292975273892, 0.995844640334, -0.000573816276308, -2.79610343002e-05, -0.0910665815259, 1703895687755789995, 0
0.000277996325745, 0.462658141345, 0.303361120786, 0.99999725672, -0.000390237650432, -0.000120317534965, 0.00230646710339, 0.000520639730808, 0.425700028812, 0.293461084866, 0.995955176275, -0.00057727900005, -2.87818617111e-05, -0.0898496119679, 1703895687956872940, 0
0.000277996325745, 0.466739773998, 0.303769284051, 0.99999725672, -0.000390237650432, -0.000120317534965, 0.00230646710339, 0.000526393333803, 0.429369896687, 0.293884239543, 0.996046174698, -0.00057405543207, -2.67412936274e-05, -0.0888351710513, 1703895688157140970, 0
0.000277996325745, 0.470821406651, 0.304177447317, 0.99999725672, -0.000390237650432, -0.000120317534965, 0.00230646710339, 0.000532406170794, 0.433154561302, 0.294037900141, 0.996145960886, -0.000581032619833, -2.94594614047e-05, -0.0877090995471, 1703895688358259916, 0
0.000277996325745, 0.474903039304, 0.304585610582, 0.99999725672, -0.000390237650432, -0.000120317534965, 0.00230646710339, 0.000534472674319, 0.437303437494, 0.294545464985, 0.996214251006, -0.00057158635532, -2.54758851502e-05, -0.0869300795658, 1703895688558787107, 0
0.000277996325745, 0.478984671957, 0.304993773847, 0.99999725672, -0.000390237650432, -0.000120317534965, 0.00230646710339, 0.000542311019775, 0.441068183333, 0.295007120242, 0.996264903299, -0.000574352855501, -2.23827185588e-05, -0.0863476234357, 1703895688759398937, 0
0.000277996325745, 0.48306630461, 0.305401937113, 0.99999725672, -0.000390237650432, -0.000120317534965, 0.00230646710339, 0.000540137098298, 0.444423697587, 0.295761356973, 0.996260145303, -0.000567366568113, -2.318537005e-05, -0.0864025487977, 1703895688960396051, 0
0.000277996325745, 0.487147937263, 0.305810100378, 0.99999725672, -0.000390237650432, -0.000120317534965, 0.00230646710339, 0.000547965800087, 0.448378405181, 0.29609252642, 0.996309292614, -0.000571107996636, -2.32407536821e-05, -0.0858339486778, 1703895689161422014, 0
0.000277996325745, 0.491229569916, 0.306218263643, 0.99999725672, -0.000390237650432, -0.000120317534965, 0.00230646710339, 0.000548874740433, 0.451542515195, 0.296023555855, 0.996359053593, -0.000569862880416, -2.11838949033e-05, -0.0852543906827, 1703895689361664056, 0
0.000277996325745, 0.495311202569, 0.306626426909, 0.99999725672, -0.000390237650432, -0.000120317534965, 0.00230646710339, 0.000550682130342, 0.457285482316, 0.296736047441, 0.996420654828, -0.000559055928683, -1.84719642563e-05, -0.0845314482726, 1703895689562508106, 0
0.000277996325745, 0.499392835222, 0.307034590174, 0.99999725672, -0.000390237650432, -0.000120317534965, 0.00230646710339, 0.000554218827559, 0.461080147311, 0.29694985745, 0.996471574469, -0.000558445873604, -1.70609430926e-05, -0.0839290719768, 1703895689763573884, 0
0.000277996325745, 0.503474467876, 0.307442753439, 0.99999725672, -0.000390237650432, -0.000120317534965, 0.00230646710339, 0.000556511892674, 0.46503339468, 0.297141005634, 0.9965256695, -0.000557933514622, -1.724304011e-05, -0.0832843228914, 1703895689964018106, 0
0.000277996325745, 0.507556100529, 0.307850916704, 0.99999725672, -0.000390237650432, -0.000120317534965, 0.00230646710339, 0.000554865282361, 0.46807231886, 0.297066835846, 0.99656063274, -0.000552489431113, -1.53745128469e-05, -0.0828649491171, 1703895690164609909, 0
0.000277996325745, 0.511637733182, 0.30825907997, 0.99999725672, -0.000390237650432, -0.000120317534965, 0.00230646710339, 0.000559245277985, 0.472540055268, 0.297750993924, 0.996551956921, -0.000548775467437, -1.38204648319e-05, -0.082969246182, 1703895690365521907, 0
0.000277996325745, 0.515719365835, 0.308667243235, 0.99999725672, -0.000390237650432, -0.000120317534965, 0.00230646710339, 0.00055626417163, 0.475180444101, 0.298193282433, 0.996524135591, -0.000541234615322, -8.50238645956e-06, -0.0833027861324, 1703895690566390991, 0
