0.556338733528, 0.00974294378168, 0.259604284155, -0.706960225771, 0.707253279131, -0.000161637533429, 0.000110499092396, 0.555263311515, -0.000921702036036, 0.256990747505, -0.706800352573, 0.707410730716, 0.00127054051944, -0.00130590881577, 1703846531500324964, 0.1
0.554844974784, 0.0196265351965, 0.259604284155, -0.706960225771, 0.707253279131, -0.000161637533429, 0.000110499092396, 0.555262852394, -0.000907307538155, 0.256989228244, -0.706802401218, 0.707408681246, 0.00127927792584, -0.00129876036929, 1703846531600884914, 0.2
0.552371965913, 0.0293116227831, 0.259604284155, -0.706960225771, 0.707253279131, -0.000161637533429, 0.000110499092396, 0.555263044586, -0.000481508883694, 0.256988500829, -0.707044592361, 0.707166610784, 0.00130255022695, -0.00127764132641, 1703846531701323032, 0.3
0.5489444164, 0.0387014363479, 0.259604284155, -0.706960225771, 0.707253279131, -0.000161637533429, 0.000110499092396, 0.555251211334, 0.00202684386813, 0.256980818334, 0.707882903102, -0.706326873927, -0.00191810444976, 0.000680837016323, 1703846531801544904, 0.4
0.544596573189, 0.0477021559774, 0.259604284155, -0.706960225771, 0.707253279131, -0.000161637533429, 0.000110499092396, 0.555211103447, 0.00560287908792, 0.256970225733, 0.708887457129, -0.705317127225, -0.00251119241743, 0.00013069470347, 1703846531902103900, 0.5
0.539371878491, 0.0562238494565, 0.259604284155, -0.706960225771, 0.707253279131, -0.000161637533429, 0.000110499092396, 0.554841564554, 0.0134831899503, 0.256697954161, 0.710108078364, -0.704083651852, -0.00354268214144, -0.000421472843249, 1703846532002584934, 0.6
0.533322535728, 0.0641813708408, 0.259604284155, -0.706960225771, 0.707253279131, -0.000161637533429, 0.000110499092396, 0.553747574705, 0.0245164702577, 0.256002387042, 0.71157245078, -0.702593518888, -0.00516447203116, -0.000568098713394, 1703846532103104114, 0.7
0.526508987935, 0.071495211207, 0.259604284155, -0.706960225771, 0.707253279131, -0.000161637533429, 0.000110499092396, 0.552423867699, 0.0334738624673, 0.255094103034, 0.712430747528, -0.701714839276, -0.00622182124861, 5.70764501565e-05, 1703846532203648090, 0.8
0.518999313827, 0.0780922930797, 0.259604284155, -0.706960225771, 0.707253279131, -0.000161637533429, 0.000110499092396, 0.550446950522, 0.0435942991097, 0.253850881939, 0.713055308462, -0.701068103178, -0.00732477000972, 0.00141050515021, 1703846532303920984, 0.9
0.510868547587, 0.0839067005978, 0.259604284155, -0.706960225771, 0.707253279131, -0.000161637533429, 0.000110499092396, 0.548403629527, 0.050733157233, 0.253095741189, 0.713672130859, -0.700420202531, -0.00863216300395, 0.0030191529572, 1703846532404520034, 1.0
0.502197929143, 0.0888803381231, 0.259604284155, -0.706960225771, 0.707253279131, -0.000161637533429, 0.000110499092396, 0.543911337459, 0.0600986952181, 0.252333689762, 0.714283516787, -0.69972073019, -0.0118012308463, 0.00711957434352, 1703846532505016088, 1.1
0.493074092448, 0.0929635107137, 0.259604284155, -0.706960225771, 0.707253279131, -0.000161637533429, 0.000110499092396, 0.539804795964, 0.0663682894531, 0.25189009674, 0.714573979927, -0.699321148059, -0.0146319951653, 0.0109482330094, 1703846532605271100, 1.2
0.483588199862, 0.0961154206587, 0.259604284155, -0.706960225771, 0.707253279131, -0.000161637533429, 0.000110499092396, 0.535487568098, 0.0719974831109, 0.251580460187, 0.715002365617, -0.698742818562, -0.0174981060323, 0.0149635208024, 1703846532705594062, 1.3
0.47383503129, 0.0983045751158, 0.259604284155, -0.706960225771, 0.707253279131, -0.000161637533429, 0.000110499092396, 0.527583459726, 0.0799141739652, 0.251719093573, 0.715438917703, -0.697960361806, -0.022502970362, 0.0221834332068, 1703846532806113004, 1.4
0.463912037167, 0.0995091007774, 0.259604284155, -0.706960225771, 0.707253279131, -0.000161637533429, 0.000110499092396, 0.520636738451, 0.0850298270168, 0.252457534755, 0.715419320776, -0.697609410814, -0.0264903108248, 0.0285406523399, 1703846532906609058, 1.5
0.45391836477, 0.0997169624212, 0.259604284155, -0.706960225771, 0.707253279131, -0.000161637533429, 0.000110499092396, 0.513133598491, 0.089617763317, 0.253516207934, 0.715676526514, -0.696881098819, -0.0304661958596, 0.0351518764233, 1703846533007128953, 1.6
0.44395386757, 0.0989260831622, 0.259604284155, -0.706960225771, 0.707253279131, -0.000161637533429, 0.000110499092396, 0.505704925108, 0.0926132151394, 0.255006151758, 0.715654347643, -0.696399038968, -0.0339747717016, 0.041387777328, 1703846533107695102, 1.7
0.434118107531, 0.0971443652048, 0.259604284155, -0.706960225771, 0.707253279131, -0.000161637533429, 0.000110499092396, 0.500676832123, 0.0941063976706, 0.255310419761, 0.715526156506, -0.696187997714, -0.0360144395718, 0.0452498766493, 1703846533207887887, 1.8
0.424509360314, 0.0943896108857, 0.259604284155, -0.706960225771, 0.707253279131, -0.000161637533429, 0.000110499092396, 0.488832466504, 0.0957712904733, 0.254750661757, 0.715482145004, -0.695424879315, -0.0401519718891, 0.0534542473918, 1703846533308430910, 1.9
0.415223633345, 0.0906893447996, 0.259604284155, -0.706960225771, 0.707253279131, -0.000161637533429, 0.000110499092396, 0.479895976302, 0.0956864086377, 0.254045370583, 0.715330797042, -0.695048935395, -0.0422916312444, 0.0584828704458, 1703846533408968925, 2.0
0.40635370654, 0.0860805387819, 0.259604284155, -0.706960225771, 0.707253279131, -0.000161637533429, 0.000110499092396, 0.469203469942, 0.0944223652103, 0.253473058649, 0.714922011416, -0.694979321967, -0.0439345230176, 0.0629286684958, 1703846533509488105, 2.1
0.397988205274, 0.080609242499, 0.259604284155, -0.706960225771, 0.707253279131, -0.000161637533429, 0.000110499092396, 0.459557281552, 0.0926298369799, 0.253116112116, 0.71426943471, -0.695344580097, -0.0444350305241, 0.0658833638448, 1703846533609987974, 2.2
0.390210714872, 0.0743301233347, 0.259604284155, -0.706960225771, 0.707253279131, -0.000161637533429, 0.000110499092396, 0.449318807217, 0.0904562963228, 0.252921638108, 0.713585210125, -0.695831663925, -0.0440020439259, 0.0683978325711, 1703846533710305929, 2.3
0.383098945446, 0.0673059201721, 0.259604284155, -0.706960225771, 0.707253279131, -0.000161637533429, 0.000110499092396, 0.438565252157, 0.0876314844065, 0.25318694647, 0.712886855912, -0.696414989404, -0.0424019241797, 0.0707147087081, 1703846533810806989, 2.4
0.376723955445, 0.0596068165274, 0.259604284155, -0.706960225771, 0.707253279131, -0.000161637533429, 0.000110499092396, 0.430103459382, 0.0850265603772, 0.253536808024, 0.712203133583, -0.697046742161, -0.0407281894902, 0.0723446635093, 1703846533911247014, 2.5
0.371149441663, 0.0513097392991, 0.259604284155, -0.706960225771, 0.707253279131, -0.000161637533429, 0.000110499092396, 0.421103068554, 0.081707170915, 0.253926022806, 0.71110775348, -0.698126374615, -0.0387908557262, 0.0737604061842, 1703846534011797904, 2.6
0.366431102798, 0.0424975901404, 0.259604284155, -0.706960225771, 0.707253279131, -0.000161637533429, 0.000110499092396, 0.412911823081, 0.0777622322464, 0.254283840785, 0.709727374614, -0.699524284032, -0.0370842278794, 0.0746832632839, 1703846534112324953, 2.7
0.362616082933, 0.0332584171326, 0.259604284155, -0.706960225771, 0.707253279131, -0.000161637533429, 0.000110499092396, 0.403894197743, 0.0719372115929, 0.254777527236, 0.707826066385, -0.701491050682, -0.0351621051052, 0.0752076586733, 1703846534212857961, 2.8
0.359742500485, 0.0236845350384, 0.259604284155, -0.706960225771, 0.707253279131, -0.000161637533429, 0.000110499092396, 0.397437607712, 0.0659359144729, 0.255093659205, 0.706308981923, -0.70307238335, -0.0340452069569, 0.0752181474757, 1703846534313401937, 2.9
0.35783906734, 0.013871602923, 0.259604284155, -0.706960225771, 0.707253279131, -0.000161637533429, 0.000110499092396, 0.391750983778, 0.0590093537337, 0.255280633633, 0.705006878971, -0.704433764115, -0.0333995827324, 0.0749856016334, 1703846534413948059, 3.0
0.356924801973, 0.00391766836033, 0.259604284155, -0.706960225771, 0.707253279131, -0.000161637533429, 0.000110499092396, 0.385894292665, 0.049114584727, 0.255583663858, -0.703764676599, 0.705771587592, 0.0330678477412, -0.0742176769081, 1703846534514429092, 3.1
0.357008839421, -0.00607781222576, 0.259604284155, -0.706960225771, 0.707253279131, -0.000161637533429, 0.000110499092396, 0.382233475145, 0.0413035332483, 0.255781383843, -0.702713565355, 0.706907175034, 0.0334246809401, -0.0732030167039, 1703846534614964008, 3.2
0.358090340009, -0.0160149672973, 0.259604284155, -0.706960225771, 0.707253279131, -0.000161637533429, 0.000110499092396, 0.379174728522, 0.0316926485249, 0.256386728305, -0.701828323532, 0.707932911995, 0.0337126295331, -0.0716341748943, 1703846534715250968, 3.3
0.360158497742, -0.0257945080857, 0.259604284155, -0.706960225771, 0.707253279131, -0.000161637533429, 0.000110499092396, 0.376191755377, 0.0201027235992, 0.256851888364, -0.700747353778, 0.709160467711, 0.0349594891479, -0.0694435837692, 1703846534815659046, 3.4
0.363192648271, -0.035318720652, 0.259604284155, -0.706960225771, 0.707253279131, -0.000161637533429, 0.000110499092396, 0.375156268732, 0.0116513717593, 0.257409771666, -0.699902077032, 0.710125245536, 0.0360376455636, -0.0675315209356, 1703846534915926933, 3.5
0.367162475367, -0.0444924422125, 0.259604284155, -0.706960225771, 0.707253279131, -0.000161637533429, 0.000110499092396, 0.374481062677, -0.000572877555327, 0.257826864985, -0.699296320265, 0.710831446141, 0.0372564366984, -0.0656907114122, 1703846535016288995, 3.6
0.372028313829, -0.0532240119738, 0.259604284155, -0.706960225771, 0.707253279131, -0.000161637533429, 0.000110499092396, 0.374728949712, -0.0100727465837, 0.258048651281, -0.69855423354, 0.711657981985, 0.0385174574331, -0.063885091796, 1703846535116785049, 3.7
0.377741545809, -0.0614261869773, 0.259604284155, -0.706960225771, 0.707253279131, -0.000161637533429, 0.000110499092396, 0.375074673124, -0.0195647182749, 0.258089718516, -0.698163032726, 0.712154391643, 0.039578532861, -0.0619519324561, 1703846535217327117, 3.8
0.38424508658, -0.0690170138014, 0.259604284155, -0.706960225771, 0.707253279131, -0.000161637533429, 0.000110499092396, 0.375892229349, -0.0305843586152, 0.258103935018, -0.697435903913, 0.713103289092, 0.04053497776, -0.0585130292981, 1703846535317548990, 3.9
0.391473954914, -0.0759206474138, 0.259604284155, -0.706960225771, 0.707253279131, -0.000161637533429, 0.000110499092396, 0.376878689347, -0.0377806378398, 0.258114925346, -0.697238558001, 0.713532496842, 0.0407146143396, -0.0554264320298, 1703846535417643070, 4.0
0.399355922347, -0.0820681089894, 0.259604284155, -0.706960225771, 0.707253279131, -0.000161637533429, 0.000110499092396, 0.378953496374, -0.0469454714998, 0.258215074859, -0.696960934621, 0.714203762686, 0.0393112651363, -0.0511181514726, 1703846535518196105, 4.1
0.407812234866, -0.0873979751244, 0.259604284155, -0.706960225771, 0.707253279131, -0.000161637533429, 0.000110499092396, 0.382932899823, -0.0581861277425, 0.258481936141, -0.696692980283, 0.715109890565, 0.0355665494098, -0.0444044615313, 1703846535618766069, 4.2
0.416758399792, -0.0918569915579, 0.259604284155, -0.706960225771, 0.707253279131, -0.000161637533429, 0.000110499092396, 0.385291753557, -0.0627147569718, 0.258691595927, -0.696780035063, 0.715356446712, 0.0334534393587, -0.0405413897196, 1703846535719322919, 4.3
0.426105030002, -0.095400605272, 0.259604284155, -0.706960225771, 0.707253279131, -0.000161637533429, 0.000110499092396, 0.391153589879, -0.0715340420158, 0.259208669078, -0.696734626909, 0.716082750423, 0.0278613426316, -0.0317820672758, 1703846535819879055, 4.4
0.435758737057, -0.0979934096495, 0.259604284155, -0.706960225771, 0.707253279131, -0.000161637533429, 0.000110499092396, 0.395720496889, -0.0764984008866, 0.259417608609, -0.696620909696, 0.716587879736, 0.023334296072, -0.0260121013513, 1703846535920344114, 4.5
0.445623064306, -0.0996094982463, 0.259604284155, -0.706960225771, 0.707253279131, -0.000161637533429, 0.000110499092396, 0.401765947578, -0.0814359248925, 0.259387090175, -0.696853367842, 0.716739351625, 0.0175701045191, -0.0192711438735, 1703846536020955085, 4.6
0.455599450654, -0.100232723639, 0.259604284155, -0.706960225771, 0.707253279131, -0.000161637533429, 0.000110499092396, 0.407821831378, -0.085237812008, 0.259070016822, -0.697031335573, 0.716818867079, 0.0120107059015, -0.0131822597697, 1703846536121511936, 4.7
0.465588215344, -0.0998568587666, 0.259604284155, -0.706960225771, 0.707253279131, -0.000161637533429, 0.000110499092396, 0.414359207112, -0.08814836464, 0.258344892926, -0.696976789377, 0.717021536172, 0.00635797635087, -0.00794026902967, 1703846536222024917, 4.8
0.475489553942, -0.0984856591454, 0.259604284155, -0.706960225771, 0.707253279131, -0.000161637533429, 0.000110499092396, 0.422449494578, -0.0906134997433, 0.256970707109, -0.696850120219, 0.717211697339, -0.000537420769586, -0.00264619144829, 1703846536323211908, 4.9
0.485204535546, -0.0961328253493, 0.259604284155, -0.706960225771, 0.707253279131, -0.000161637533429, 0.000110499092396, 0.429096412692, -0.0920299704385, 0.255963434598, -0.696734687432, 0.71730098473, -0.00621719891069, 0.00119124851627, 1703846536423747062, 5.0
0.494636091271, -0.0928218661158, 0.259604284155, -0.706960225771, 0.707253279131, -0.000161637533429, 0.000110499092396, 0.4365464244, -0.0933110911338, 0.2553246643, -0.696673999689, 0.717260197464, -0.0125076565427, 0.00516776728458, 1703846536524260044, 5.1
0.50368998413, -0.088585863455, 0.259604284155, -0.706960225771, 0.707253279131, -0.000161637533429, 0.000110499092396, 0.445347070021, -0.0946681253126, 0.254830988161, -0.6966895516, 0.71706111036, -0.0190993225761, 0.00906910017128, 1703846536624792098, 5.2
0.512275750618, -0.0834671421054, 0.259604284155, -0.706960225771, 0.707253279131, -0.000161637533429, 0.000110499092396, 0.45225115629, -0.0950711005565, 0.254014828799, -0.697005777614, 0.71655288119, -0.0241678074395, 0.0122813482187, 1703846536725272893, 5.3
0.520307604594, -0.0775168466386, 0.259604284155, -0.706960225771, 0.707253279131, -0.000161637533429, 0.000110499092396, 0.464642376268, -0.0940962838563, 0.252907270281, -0.698049530049, 0.715116759309, -0.0319310728413, 0.0177561465838, 1703846536825772047, 5.4
0.527705294429, -0.07079443044, 0.259604284155, -0.706960225771, 0.707253279131, -0.000161637533429, 0.000110499092396, 0.472610986712, -0.0918793216403, 0.252892434608, -0.69917643482, 0.713739604218, -0.0358029374892, 0.0211243942158, 1703846536926320075, 5.5
0.534394904851, -0.0633670616702, 0.259604284155, -0.706960225771, 0.707253279131, -0.000161637533429, 0.000110499092396, 0.480815368709, -0.088684823189, 0.252875616575, -0.700609775664, 0.712080625318, -0.039026456793, 0.0237499675948, 1703846537026663064, 5.6
0.540309595484, -0.0553089521428, 0.259604284155, -0.706960225771, 0.707253279131, -0.000161637533429, 0.000110499092396, 0.489881131111, -0.0840269533221, 0.253180137979, -0.702159210671, 0.710307702613, -0.0418486524485, 0.0261553200607, 1703846537127002000, 5.7
0.545390268694, -0.0467006158244, 0.259604284155, -0.706960225771, 0.707253279131, -0.000161637533429, 0.000110499092396, 0.497711624359, -0.0784647579406, 0.253460259923, -0.70364407259, 0.708662203183, -0.0436227899047, 0.027927640239, 1703846537227626085, 5.8
0.549586160074, -0.037628064366, 0.259604284155, -0.706960225771, 0.707253279131, -0.000161637533429, 0.000110499092396, 0.505023483879, -0.072109981659, 0.253526541028, -0.705252596222, 0.706971678107, -0.0440092301186, 0.0295467348632, 1703846537328192949, 5.9
0.552855345665, -0.0281819477029, 0.259604284155, -0.706960225771, 0.707253279131, -0.000161637533429, 0.000110499092396, 0.512243106765, -0.0646650516177, 0.253998489279, 0.707103456131, -0.70504585953, 0.0442567851248, -0.030925317431, 1703846537428455114, 6.0
0.555165160844, -0.0184566483102, 0.259604284155, -0.706960225771, 0.707253279131, -0.000161637533429, 0.000110499092396, 0.517277207617, -0.0586560718514, 0.254356054475, 0.708268860919, -0.703833982508, 0.0442781296009, -0.0318181231322, 1703846537528995990, 6.1
0.556492526702, -0.00854933816475, 0.259604284155, -0.706960225771, 0.707253279131, -0.000161637533429, 0.000110499092396, 0.522428692916, -0.0507226166697, 0.254438893814, 0.709427260566, -0.70264685479, 0.0439285138229, -0.0327207135228, 1703846537629565954, 6.2
0.556824180638, 0.00144099216543, 0.259604284155, -0.706960225771, 0.707253279131, -0.000161637533429, 0.000110499092396, 0.526904852502, -0.0418086337191, 0.254307934303, 0.710369050824, -0.701683739908, 0.0435022863877, -0.0335155465305, 1703846537730088949, 0.0168146928204
0.556156808876, 0.011414522602, 0.259604284155, -0.706960225771, 0.707253279131, -0.000161637533429, 0.000110499092396, 0.530293615925, -0.0334644737977, 0.254369106569, 0.711211091847, -0.700810021459, 0.0435938804056, -0.0338181940418, 1703846537830678939, 0.11681469282
0.554497079573, 0.0212716009258, 0.259604284155, -0.706960225771, 0.707253279131, -0.000161637533429, 0.000110499092396, 0.532577889993, -0.0245425355975, 0.253988949612, 0.7120395499, -0.699984332471, 0.0431675105522, -0.0340320394094, 1703846537931169986, 0.21681469282
0.551861576196, 0.0309137384683, 0.259604284155, -0.706960225771, 0.707253279131, -0.000161637533429, 0.000110499092396, 0.534310982611, -0.0109827082069, 0.254718924354, 0.712839523582, -0.699109413626, 0.0430723367568, -0.0353640383023, 1703846538031687021, 0.31681469282
0.548276631824, 0.0402445941787, 0.259604284155, -0.706960225771, 0.707253279131, -0.000161637533429, 0.000110499092396, 0.534649867582, -0.000828489826146, 0.255019916601, 0.713541638355, -0.698371732414, 0.0424368935468, -0.0365289442015, 1703846538132236957, 0.41681469282
0.543778066035, 0.0491709372309, 0.259604284155, -0.706960225771, 0.707253279131, -0.000161637533429, 0.000110499092396, 0.534597256301, 0.00806222583461, 0.255017180585, 0.713962775969, -0.697940970001, 0.0419646395216, -0.0370745998433, 1703846538232820034, 0.51681469282
0.538410827013, 0.0576035785558, 0.259604284155, -0.706960225771, 0.707253279131, -0.000161637533429, 0.000110499092396, 0.534459428761, 0.0137497002279, 0.254977653849, 0.714217949309, -0.697683837708, 0.0415545757072, -0.03745932093, 1703846538333374977, 0.61681469282
0.532228542434, 0.0654582619889, 0.259604284155, -0.706960225771, 0.707253279131, -0.000161637533429, 0.000110499092396, 0.533948693845, 0.0252211171206, 0.254864850455, 0.714866807705, -0.697033495682, 0.040839237478, -0.0379724877027, 1703846538433918952, 0.71681469282
0.525292983644, 0.0726565061296, 0.259604284155, -0.706960225771, 0.707253279131, -0.000161637533429, 0.000110499092396, 0.532869096684, 0.0355382921764, 0.254551859203, 0.715328342581, -0.69662310037, 0.0398563296158, -0.0378561926304, 1703846538534082889, 0.81681469282
0.517673448453, 0.0791263885019, 0.259604284155, -0.706960225771, 0.707253279131, -0.000161637533429, 0.000110499092396, 0.531699325987, 0.0425998512896, 0.25418664076, 0.715476975293, -0.696551504586, 0.0387989009716, -0.0374612408681, 1703846538634443998, 0.91681469282
0.509446068738, 0.0848032641799, 0.259604284155, -0.706960225771, 0.707253279131, -0.000161637533429, 0.000110499092396, 0.529390483642, 0.0525653748455, 0.253373098617, 0.715963926713, -0.696221414488, 0.0363924173843, -0.0367013570626, 1703846538734942913, 1.01681469282
0.500693049757, 0.0896304116982, 0.259604284155, -0.706960225771, 0.707253279131, -0.000161637533429, 0.000110499092396, 0.527175753676, 0.0587993550087, 0.252499262919, 0.716387042829, -0.695959242188, 0.0344232981082, -0.0352898657759, 1703846538835509061, 1.11681469282
0.491501848784, 0.0935595997945, 0.259604284155, -0.706960225771, 0.707253279131, -0.000161637533429, 0.000110499092396, 0.524437969269, 0.0647500091216, 0.251580371714, 0.716459035385, -0.696098835003, 0.032234159876, -0.0330729717412, 1703846538936069011, 1.21681469282
0.481964301258, 0.0965515693201, 0.259604284155, -0.706960225771, 0.707253279131, -0.000161637533429, 0.000110499092396, 0.519566249077, 0.0722963806609, 0.25018229615, 0.716945527633, -0.695956725981, 0.028305678178, -0.0288467424961, 1703846539036382913, 1.31681469282
0.472175703204, 0.0985764255047, 0.259604284155, -0.706960225771, 0.707253279131, -0.000161637533429, 0.000110499092396, 0.514895406152, 0.0771608687383, 0.249456813969, 0.717280377954, -0.695904984417, 0.0248585933195, -0.0246406656537, 1703846539136909961, 1.41681469282
0.462233859056, 0.0996139366545, 0.259604284155, -0.706960225771, 0.707253279131, -0.000161637533429, 0.000110499092396, 0.509759865995, 0.0814228850195, 0.249191571626, 0.717545668069, -0.69589274644, 0.0212929881689, -0.0202016915868, 1703846539237474918, 1.51681469282
0.452238104436, 0.099653736301, 0.259604284155, -0.706960225771, 0.707253279131, -0.000161637533429, 0.000110499092396, 0.499800944537, 0.0877136236591, 0.249135051024, 0.717585590643, -0.696220982187, 0.0148822774305, -0.0112152522382, 1703846539337975025, 1.61681469282
0.442288313619, 0.0986954267793, 0.259604284155, -0.706960225771, 0.707253279131, -0.000161637533429, 0.000110499092396, 0.493437709422, 0.0907898663827, 0.249174998158, 0.717739801896, -0.696208458949, 0.010653722973, -0.00546412378163, 1703846539438421964, 1.71681469282
0.432483901626, 0.0967485832015, 0.259604284155, -0.706960225771, 0.707253279131, -0.000161637533429, 0.000110499092396, 0.487190170386, 0.0928086219374, 0.249261463333, 0.717960777317, -0.696057243521, 0.00605213036944, 8.77178299937e-05, 1703846539538903951, 1.81681469282
0.422922830902, 0.093832657785, 0.259604284155, -0.706960225771, 0.707253279131, -0.000161637533429, 0.000110499092396, 0.478877668316, 0.0942688013033, 0.249861859533, 0.718053129726, -0.695952770055, 0.000463753311849, 0.00701638622878, 1703846539639430046, 1.91681469282
0.413700632503, 0.0899767854926, 0.259604284155, -0.706960225771, 0.707253279131, -0.000161637533429, 0.000110499092396, 0.471681543707, 0.0940351632475, 0.250427115593, 0.71800335094, -0.695918203467, -0.00356936748394, 0.0125020693555, 1703846539739953041, 2.01681469282
0.404909451588, 0.0852194929258, 0.259604284155, -0.706960225771, 0.707253279131, -0.000161637533429, 0.000110499092396, 0.462930631343, 0.0929105797321, 0.251056283978, 0.717588765924, -0.69617363097, -0.00784600063734, 0.0186300519539, 1703846539840441942, 2.11681469282
0.396637126732, 0.0796083133793, 0.259604284155, -0.706960225771, 0.707253279131, -0.000161637533429, 0.000110499092396, 0.455154797446, 0.0916192650744, 0.251868083788, 0.717116453578, -0.696461643487, -0.0110538209623, 0.0237272881082, 1703846539940962076, 2.21681469282
0.388966312268, 0.0731993119044, 0.259604284155, -0.706960225771, 0.707253279131, -0.000161637533429, 0.000110499092396, 0.44466027614, 0.0893531823043, 0.252581665765, 0.716543124985, -0.696746817029, -0.0140714954725, 0.0301962913617, 1703846540041522026, 2.31681469282
0.38197365244, 0.0660565251252, 0.259604284155, -0.706960225771, 0.707253279131, -0.000161637533429, 0.000110499092396, 0.436854629297, 0.0873487752799, 0.252675231302, 0.716034972493, -0.697036303559, -0.0155528188719, 0.0345314279039, 1703846540142055988, 2.41681469282
0.375729015594, 0.0582513214062, 0.259604284155, -0.706960225771, 0.707253279131, -0.000161637533429, 0.000110499092396, 0.426278839318, 0.0840774730868, 0.252835058276, 0.714960658009, -0.697827288156, -0.0169625136993, 0.0397568425891, 1703846540242585897, 2.51681469282
0.370294796076, 0.0498616877628, 0.259604284155, -0.706960225771, 0.707253279131, -0.000161637533429, 0.000110499092396, 0.418820867779, 0.0812323861478, 0.253007222105, 0.713811922803, -0.698814613424, -0.017487593316, 0.0427183685236, 1703846540342658042, 2.61681469282
0.365725290812, 0.0409714506412, 0.259604284155, -0.706960225771, 0.707253279131, -0.000161637533429, 0.000110499092396, 0.407720668742, 0.0754358909909, 0.252646801905, 0.711641206869, -0.700797377279, -0.0179963077499, 0.0461081510434, 1703846540443128108, 2.71681469282
0.362066156787, 0.0316694383519, 0.259604284155, -0.706960225771, 0.707253279131, -0.000161637533429, 0.000110499092396, 0.400370679921, 0.0695973090485, 0.252133043003, 0.709989284989, -0.702391511375, -0.0180870346714, 0.0472677387471, 1703846540544924020, 2.81681469282
0.35935395486, 0.022048593527, 0.259604284155, -0.706960225771, 0.707253279131, -0.000161637533429, 0.000110499092396, 0.395081706958, 0.0637615682097, 0.251471777731, 0.708665527561, -0.703695535018, -0.0183273141722, 0.0476431904575, 1703846540644947052, 2.91681469282
0.357615784455, 0.0122050444677, 0.259604284155, -0.706960225771, 0.707253279131, -0.000161637533429, 0.000110499092396, 0.389894000526, 0.056529486571, 0.250980203483, 0.707202512332, -0.705161637374, -0.018451091571, 0.047657412293, 1703846540745455026, 3.01681469282
0.356869012796, 0.00223714466234, 0.259604284155, -0.706960225771, 0.707253279131, -0.000161637533429, 0.000110499092396, 0.384963167518, 0.0471057042206, 0.250718821181, -0.705690933547, 0.706704833889, 0.0187138801277, -0.0470996258786, 1703846540846048116, 3.11681469282
0.35712110138, -0.00775550992918, 0.259604284155, -0.706960225771, 0.707253279131, -0.000161637533429, 0.000110499092396, 0.381883265222, 0.0388804865506, 0.250818213161, -0.704833491028, 0.70760298766, 0.0186308524785, -0.0464828260248, 1703846540946433067, 3.21681469282
0.358369531421, -0.0176730760053, 0.259604284155, -0.706960225771, 0.707253279131, -0.000161637533429, 0.000110499092396, 0.378626665844, 0.0269026160096, 0.251076108639, -0.70353578565, 0.708960496281, 0.0184995850449, -0.0454992129219, 1703846541046621084, 3.31681469282
0.360601829017, -0.0274164605241, 0.259604284155, -0.706960225771, 0.707253279131, -0.000161637533429, 0.000110499092396, 0.377252866365, 0.0184998812299, 0.251476369663, -0.702736953756, 0.709813596744, 0.0185855151384, -0.0444973070002, 1703846541147166013, 3.41681469282
0.36379568979, -0.0368883108082, 0.259604284155, -0.706960225771, 0.707253279131, -0.000161637533429, 0.000110499092396, 0.375908969343, 0.00670455825579, 0.251802769972, -0.701996601885, 0.710616305823, 0.0194741878733, -0.0429650188676, 1703846541247687101, 3.51681469282
0.367919201737, -0.0459939872605, 0.259604284155, -0.706960225771, 0.707253279131, -0.000161637533429, 0.000110499092396, 0.375882293766, -0.000974134552857, 0.252287542527, -0.701371428693, 0.711290790977, 0.0201365410751, -0.0416899196214, 1703846541349550008, 3.61681469282
0.372931164092, -0.0546425089719, 0.259604284155, -0.706960225771, 0.707253279131, -0.000161637533429, 0.000110499092396, 0.375794221276, -0.0128718467504, 0.252447079374, -0.700777425549, 0.711897118505, 0.0210894718632, -0.0408500511818, 1703846541450061082, 3.71681469282
0.378781498983, -0.0627474627723, 0.259604284155, -0.706960225771, 0.707253279131, -0.000161637533429, 0.000110499092396, 0.375599430324, -0.025452516627, 0.252448131378, -0.699839794681, 0.712862000487, 0.0222295157782, -0.0394699717605, 1703846541550595998, 3.81681469282
0.385411751797, -0.0702278666424, 0.259604284155, -0.706960225771, 0.707253279131, -0.000161637533429, 0.000110499092396, 0.375798300118, -0.0340034477479, 0.252507441948, -0.699224368628, 0.713549173464, 0.0228881958367, -0.0375365136522, 1703846541651124954, 3.91681469282
0.392755675241, -0.0770089788594, 0.259604284155, -0.706960225771, 0.707253279131, -0.000161637533429, 0.000110499092396, 0.376208470707, -0.0394063745459, 0.252746978805, -0.699115934618, 0.713735743202, 0.0229975834122, -0.0359069630534, 1703846541751447916, 4.01681469282
0.400739891257, -0.0830230447916, 0.259604284155, -0.706960225771, 0.707253279131, -0.000161637533429, 0.000110499092396, 0.377916532028, -0.050359791235, 0.253658650598, -0.698609020369, 0.714453591252, 0.0215128270124, -0.0322288826985, 1703846541851965904, 4.11681469282
0.4092846242, -0.0882099738802, 0.259604284155, -0.706960225771, 0.707253279131, -0.000161637533429, 0.000110499092396, 0.38051941003, -0.0586090060209, 0.254090224, -0.698348991593, 0.714971366524, 0.0189263300868, -0.0276843822622, 1703846541952989101, 4.21681469282
0.418304497923, -0.0925179400443, 0.259604284155, -0.706960225771, 0.707253279131, -0.000161637533429, 0.000110499092396, 0.383188369102, -0.0643789068397, 0.254438938468, -0.698388339073, 0.715150511406, 0.0161879079061, -0.0234824513259, 1703846542053555011, 4.31681469282
0.427709388828, -0.09590389951, 0.259604284155, -0.706960225771, 0.707253279131, -0.000161637533429, 0.000110499092396, 0.387555346986, -0.0708534773639, 0.254918393045, -0.698012423715, 0.715773408816, 0.0114574114042, -0.017771080293, 1703846542154020071, 4.41681469282
0.437405326354, -0.0983340208896, 0.259604284155, -0.706960225771, 0.707253279131, -0.000161637533429, 0.000110499092396, 0.391905219689, -0.0753250771288, 0.255213166541, -0.697757696472, 0.716191487425, 0.00729387940436, -0.012278016001, 1703846542254560947, 4.51681469282
0.4472954319, -0.0997840232136, 0.259604284155, -0.706960225771, 0.707253279131, -0.000161637533429, 0.000110499092396, 0.399804344354, -0.0809938368187, 0.255727964523, -0.697734802145, 0.716348475591, -0.00033342614128, -0.00330094242779, 1703846542354967117, 4.61681469282
0.457280886799, -0.100239418538, 0.259604284155, -0.706960225771, 0.707253279131, -0.000161637533429, 0.000110499092396, 0.405750987326, -0.0844547558618, 0.25595476236, -0.697813336815, 0.716249231844, -0.00591864849011, 0.0029247985552, 1703846542455152988, 4.71681469282
0.467261919687, -0.0996956567034, 0.259604284155, -0.706960225771, 0.707253279131, -0.000161637533429, 0.000110499092396, 0.409946744474, -0.086395133736, 0.255913738757, -0.697779895067, 0.716212964835, -0.00980823737229, 0.00678273712322, 1703846542555695056, 4.81681469282
0.477138803382, -0.0981581707981, 0.259604284155, -0.706960225771, 0.707253279131, -0.000161637533429, 0.000110499092396, 0.420078637829, -0.0897326596619, 0.254897724137, -0.697372292086, 0.716333282651, -0.0185615858594, 0.0139277394571, 1703846542656233072, 4.91681469282
0.486812851328, -0.0956423228732, 0.259604284155, -0.706960225771, 0.707253279131, -0.000161637533429, 0.000110499092396, 0.428086512867, -0.0913886636093, 0.253419948881, -0.697108355322, 0.716290771931, -0.0251549161727, 0.0182948402339, 1703846542756357908, 5.01681469282
0.496187403635, -0.0921732504495, 0.259604284155, -0.706960225771, 0.707253279131, -0.000161637533429, 0.000110499092396, 0.436620657418, -0.0928089544573, 0.252529384406, -0.696951740658, 0.716058890805, -0.0319032536317, 0.0223633293993, 1703846542856903076, 5.11681469282
0.505168792875, -0.0877856153518, 0.259604284155, -0.706960225771, 0.707253279131, -0.000161637533429, 0.000110499092396, 0.445757155782, -0.0940277445173, 0.252142561724, -0.696909342512, 0.715691382621, -0.037933846139, 0.0257727856337, 1703846542957452058, 5.21681469282
0.513667279977, -0.0825232573799, 0.259604284155, -0.706960225771, 0.707253279131, -0.000161637533429, 0.000110499092396, 0.454393690092, -0.0944450609435, 0.252527927914, -0.697035524455, 0.715203941078, -0.0425742444859, 0.0284997196558, 1703846543057945013, 5.31681469282
0.521597950865, -0.0764387562749, 0.259604284155, -0.706960225771, 0.707253279131, -0.000161637533429, 0.000110499092396, 0.462342687406, -0.0939992628998, 0.252622777585, -0.697618697062, 0.714330951443, -0.0461327492463, 0.0305158117555, 1703846543158495903, 5.41681469282
0.528881564899, -0.0695929063607, 0.259604284155, -0.706960225771, 0.707253279131, -0.000161637533429, 0.000110499092396, 0.47314482368, -0.0915627883724, 0.25289100837, -0.69917808449, 0.712501158421, -0.0494169580098, 0.0324047786486, 1703846543259036064, 5.51681469282
0.535445346614, -0.0620541091067, 0.259604284155, -0.706960225771, 0.707253279131, -0.000161637533429, 0.000110499092396, 0.480798154187, -0.0884219892864, 0.25325413057, -0.700360581186, 0.711204227163, -0.050499157419, 0.0336665811557, 1703846543360577106, 5.61681469282
0.541223712873, -0.053897689683, 0.259604284155, -0.706960225771, 0.707253279131, -0.000161637533429, 0.000110499092396, 0.490382806402, -0.0834947789652, 0.25361347745, -0.701962871427, 0.709500447554, -0.0515760380142, 0.0345999185117, 1703846543461080074, 5.71681469282
0.546158928151, -0.0452051443365, 0.259604284155, -0.706960225771, 0.707253279131, -0.000161637533429, 0.000110499092396, 0.497504331721, -0.0785307387213, 0.253837873287, -0.703332660728, 0.708099484032, -0.0519393767021, 0.0349369462774, 1703846543561706066, 5.81681469282
0.550201681407, -0.0360633261067, 0.259604284155, -0.706960225771, 0.707253279131, -0.000161637533429, 0.000110499092396, 0.506286989316, -0.0707989951362, 0.253940014712, -0.70531643851, 0.70610219774, -0.0514936893052, 0.0360112187586, 1703846543661869049, 5.91681469282
0.553311578789, -0.0265635770196, 0.259604284155, -0.706960225771, 0.707253279131, -0.000161637533429, 0.000110499092396, 0.511548023198, -0.0653987516691, 0.25376666225, 0.706646159496, -0.70478070033, 0.0510623023026, -0.0364418851767, 1703846543762408971, 6.01681469282
0.555457547228, -0.0168008154278, 0.259604284155, -0.706960225771, 0.707253279131, -0.000161637533429, 0.000110499092396, 0.519597752458, -0.0551919389818, 0.253448361318, 0.708252816574, -0.703185753203, 0.0503154234748, -0.0370958551219, 1703846543862938880, 6.11681469282
0.556618144918, -0.00687258761812, 0.259604284155, -0.706960225771, 0.707253279131, -0.000161637533429, 0.000110499092396, 0.524680923285, -0.0465290434992, 0.253542846183, 0.709383538405, -0.702029218754, 0.0498118846887, -0.038062417148, 1703846543963447093, 6.21681469282
0.55678177555, 0.00312190683911, 0.259604284155, -0.706960225771, 0.707253279131, -0.000161637533429, 0.000110499092396, 0.52724900079, -0.0410181400825, 0.253289995913, 0.709784069425, -0.701637217201, 0.0495173513668, -0.038207618904, 1703846544064018011, 0.0336293856408
0.555946804181, 0.013082806259, 0.259604284155, -0.706960225771, 0.707253279131, -0.000161637533429, 0.000110499092396, 0.530587437508, -0.0294952475565, 0.253374650395, 0.71093274892, -0.700454519224, 0.0492851669558, -0.0388466900776, 1703846544164625883, 0.133629385641
0.55412157357, 0.0229105846272, 0.259604284155, -0.706960225771, 0.707253279131, -0.000161637533429, 0.000110499092396, 0.532060550889, -0.0196025804146, 0.253759184957, 0.711604114564, -0.699731926728, 0.0494539057926, -0.039358938693, 1703846544264976978, 0.233629385641
0.551324320816, 0.0325070460308, 0.259604284155, -0.706960225771, 0.707253279131, -0.000161637533429, 0.000110499092396, 0.532837286849, -0.0114135068385, 0.254145439726, 0.712053790395, -0.699236583864, 0.0495057059373, -0.0399597854215, 1703846544365518093, 0.333629385641
0.547582995145, 0.0417763057997, 0.259604284155, -0.706960225771, 0.707253279131, -0.000161637533429, 0.000110499092396, 0.533151608966, -0.000174698223372, 0.254353917986, 0.712700567522, -0.698558796109, 0.0489730350588, -0.0409286118733, 1703846544466061115, 0.433629385641
0.542934978646, 0.0506257485542, 0.259604284155, -0.706960225771, 0.707253279131, -0.000161637533429, 0.000110499092396, 0.533090737561, 0.00783704695084, 0.254336974429, 0.71311692681, -0.698135050654, 0.0484607083416, -0.0415121607692, 1703846544566605091, 0.533629385641
0.537426712764, 0.0589669535877, 0.259604284155, -0.706960225771, 0.707253279131, -0.000161637533429, 0.000110499092396, 0.532897084263, 0.0156297778816, 0.25428271896, 0.713387311271, -0.697862726077, 0.0480084618919, -0.0419684078361, 1703846544667150974, 0.633629385641
0.53111323427, 0.0667165783367, 0.259604284155, -0.706960225771, 0.707253279131, -0.000161637533429, 0.000110499092396, 0.532408578902, 0.0259993796671, 0.254151812285, 0.71411942948, -0.697131046108, 0.0471393223296, -0.0426571129111, 1703846544768490076, 0.733629385641
0.524057625355, 0.0737971911122, 0.259604284155, -0.706960225771, 0.707253279131, -0.000161637533429, 0.000110499092396, 0.531747695597, 0.0333335100722, 0.253958431702, 0.71449786823, -0.696781481023, 0.0464932301089, -0.0427404205991, 1703846544869226932, 0.833629385641
0.516330383331, 0.0801380447722, 0.259604284155, -0.706960225771, 0.707253279131, -0.000161637533429, 0.000110499092396, 0.530479630803, 0.0419453119003, 0.253540830655, 0.71484746752, -0.696516280342, 0.0454452254756, -0.04234266029, 1703846544969295024, 0.933629385641
0.508008716245, 0.0856757836026, 0.259604284155, -0.706960225771, 0.707253279131, -0.000161637533429, 0.000110499092396, 0.528106352072, 0.0525695543588, 0.25258086626, 0.715475597005, -0.696068454226, 0.0430526700305, -0.041591402059, 1703846545069840908, 1.03362938564
0.499175771445, 0.0903550763478, 0.259604284155, -0.706960225771, 0.707253279131, -0.000161637533429, 0.000110499092396, 0.525820378057, 0.0592542288248, 0.251630590623, 0.715918006786, -0.695820423257, 0.0407662136175, -0.040416110234, 1703846545170362949, 1.13362938564
0.489919804795, 0.0941291690614, 0.259604284155, -0.706960225771, 0.707253279131, -0.000161637533429, 0.000110499092396, 0.521451067321, 0.0672279157053, 0.250132602078, 0.716169153708, -0.695975558546, 0.0370568293308, -0.0366954572534, 1703846545270462989, 1.23362938564
0.480333298854, 0.0969603522565, 0.259604284155, -0.706960225771, 0.707253279131, -0.000161637533429, 0.000110499092396, 0.517635475086, 0.0727136689893, 0.248905584492, 0.716782140868, -0.695680448668, 0.0337317665168, -0.0333802906158, 1703846545370985031, 1.33362938564
0.470512038821, 0.0988203376865, 0.259604284155, -0.706960225771, 0.707253279131, -0.000161637533429, 0.000110499092396, 0.51290859105, 0.0780338286642, 0.247560737444, 0.717166567465, -0.695656964855, 0.0299419328829, -0.0289306483456, 1703846545471528053, 1.43362938564
0.460554155479, 0.0996905409918, 0.259604284155, -0.706960225771, 0.707253279131, -0.000161637533429, 0.000110499092396, 0.506889218707, 0.0831155901301, 0.246411847404, 0.717603256809, -0.695602744937, 0.0252187409161, -0.0233752467229, 1703846545571991920, 1.53362938564
0.450559144708, 0.0995622673886, 0.259604284155, -0.706960225771, 0.707253279131, -0.000161637533429, 0.000110499092396, 0.501150727524, 0.0865318876706, 0.246249487121, 0.717702162998, -0.695785409385, 0.0213189881657, -0.0182145562282, 1703846545672519922, 1.63362938564
0.44062687335, 0.0984367985445, 0.259604284155, -0.706960225771, 0.707253279131, -0.000161637533429, 0.000110499092396, 0.490635286546, 0.0909550192485, 0.24767157806, 0.717880512987, -0.69594599544, 0.0145728739562, -0.00971451743437, 1703846545772886037, 1.73362938564
0.430856581379, 0.0963253797719, 0.259604284155, -0.706960225771, 0.707253279131, -0.000161637533429, 0.000110499092396, 0.485656846295, 0.0923899925373, 0.248508259708, 0.718151307168, -0.695770047695, 0.0113412802338, -0.00584089950209, 1703846545873178005, 1.83362938564
0.421345890321, 0.0932491076695, 0.259604284155, -0.706960225771, 0.707253279131, -0.000161637533429, 0.000110499092396, 0.474711556264, 0.0937738769671, 0.25027404962, 0.718434314223, -0.69557470073, 0.00452417852673, 0.0027392809328, 1703846545973875045, 1.93362938564
0.412189827859, 0.0892387193311, 0.259604284155, -0.706960225771, 0.707253279131, -0.000161637533429, 0.000110499092396, 0.466118392601, 0.0932106789525, 0.251164051036, 0.718237066317, -0.695742184523, -0.000102176279466, 0.00884979118509, 1703846546074352979, 2.03362938564
0.403479878341, 0.0843342852313, 0.259604284155, -0.706960225771, 0.707253279131, -0.000161637533429, 0.000110499092396, 0.46097205202, 0.0924099661859, 0.251523844884, 0.717993618057, -0.695928604348, -0.00270945010605, 0.0126964939892, 1703846546174899101, 2.13362938564
0.395303068705, 0.0785848088545, 0.259604284155, -0.706960225771, 0.707253279131, -0.000161637533429, 0.000110499092396, 0.449746350623, 0.0903215422302, 0.252705250964, 0.717480764028, -0.696219526595, -0.00766234312322, 0.0210002984435, 1703846546275429010, 2.23362938564
0.387741098928, 0.0720477370682, 0.259604284155, -0.706960225771, 0.707253279131, -0.000161637533429, 0.000110499092396, 0.44406840644, 0.0890652061263, 0.252606255457, 0.71721645197, -0.696326458533, -0.00984152976065, 0.0251628389212, 1703846546375560045, 2.33362938564
0.380869525714, 0.0647883861327, 0.259604284155, -0.706960225771, 0.707253279131, -0.000161637533429, 0.000110499092396, 0.43337660365, 0.0862725342312, 0.252985967082, 0.716471209864, -0.696768167785, -0.0127588611716, 0.0319427184081, 1703846546476105928, 2.43362938564
0.374757007551, 0.056879289083, 0.259604284155, -0.706960225771, 0.707253279131, -0.000161637533429, 0.000110499092396, 0.425265879288, 0.0835811190652, 0.252568474829, 0.715486755562, -0.697532767123, -0.0143914879382, 0.0363266634868, 1703846546576183080, 2.53362938564
0.369464618699, 0.0483994710024, 0.259604284155, -0.706960225771, 0.707253279131, -0.000161637533429, 0.000110499092396, 0.415962366727, 0.0797335538932, 0.252429699481, 0.713966486432, -0.698821087793, -0.0159316378103, 0.0405848053309, 1703846546676440954, 2.63362938564
0.365045238959, 0.0394336594301, 0.259604284155, -0.706960225771, 0.707253279131, -0.000161637533429, 0.000110499092396, 0.408738049651, 0.0759013567257, 0.252505078329, 0.71245754698, -0.70018367868, -0.0167610050326, 0.043198710304, 1703846546776992082, 2.73362938564
0.361543025311, 0.0300714377916, 0.259604284155, -0.706960225771, 0.707253279131, -0.000161637533429, 0.000110499092396, 0.402350261502, 0.0713580799717, 0.252571858387, 0.711041962693, -0.701520808722, -0.0170032045483, 0.0447076420172, 1703846546877039909, 2.83362938564
0.358992970718, 0.0204063503108, 0.259604284155, -0.706960225771, 0.707253279131, -0.000161637533429, 0.000110499092396, 0.394836578127, 0.0639527643525, 0.252195428367, 0.709100582635, -0.70340992178, -0.017391697051, 0.0456987365512, 1703846546977257966, 2.93362938564
0.357420554482, 0.0105349673469, 0.259604284155, -0.706960225771, 0.707253279131, -0.000161637533429, 0.000110499092396, 0.38768531409, 0.0537765935736, 0.251626634249, 0.707040422517, -0.705477202712, -0.0173582080951, 0.0457651613383, 1703846547077842950, 3.03362938564
0.356841487665, 0.000555920495595, 0.259604284155, -0.706960225771, 0.707253279131, -0.000161637533429, 0.000110499092396, 0.382942863672, 0.0441991394636, 0.251291147057, -0.705709940399, 0.70684534206, 0.017529400933, -0.045120533393, 1703846547178374052, 3.13362938564
0.357261556113, -0.00943108290577, 0.259604284155, -0.706960225771, 0.707253279131, -0.000161637533429, 0.000110499092396, 0.38057602668, 0.0380438410415, 0.251301703896, -0.70510804277, 0.7074823035, 0.0174559183384, -0.0445727402137, 1703846547278899908, 3.23362938564
0.358676562639, -0.0193262560204, 0.259604284155, -0.706960225771, 0.707253279131, -0.000161637533429, 0.000110499092396, 0.377205404653, 0.0250659283479, 0.251552646959, -0.703740475061, 0.708913974481, 0.0171409672455, -0.0435489125959, 1703846547379435062, 3.33362938564
0.361072368968, -0.0290307295495, 0.259604284155, -0.706960225771, 0.707253279131, -0.000161637533429, 0.000110499092396, 0.375685222, 0.0166162913556, 0.251774589267, -0.702975339529, 0.709722092679, 0.0173001540981, -0.0426723311433, 1703846547479995012, 3.43362938564
0.364425036993, -0.0384475396014, 0.259604284155, -0.706960225771, 0.707253279131, -0.000161637533429, 0.000110499092396, 0.374829408774, 0.00470615488733, 0.252173494102, -0.702171842863, 0.710582375121, 0.0181508721417, -0.0412060323119, 1703846547580225944, 3.53362938564
0.368701067964, -0.0474825965228, 0.259604284155, -0.706960225771, 0.707253279131, -0.000161637533429, 0.000110499092396, 0.374791508442, -0.00409465048167, 0.252405295295, -0.701507392181, 0.71126985796, 0.0189788575538, -0.040278664806, 1703846547680774927, 3.63362938564
0.373857737193, -0.0560456250117, 0.259604284155, -0.706960225771, 0.707253279131, -0.000161637533429, 0.000110499092396, 0.374691596549, -0.0128278193388, 0.252450122581, -0.701023808991, 0.711761884639, 0.01985989203, -0.0395755415817, 1703846547781193971, 3.73362938564
0.379843520946, -0.0640510661178, 0.259604284155, -0.706960225771, 0.707253279131, -0.000161637533429, 0.000110499092396, 0.374598550243, -0.0262017112126, 0.252440503127, -0.70019358334, 0.712633509957, 0.0209037855478, -0.0380191805081, 1703846547881273984, 3.83362938564
0.38659861125, -0.0714189321199, 0.259604284155, -0.706960225771, 0.707253279131, -0.000161637533429, 0.000110499092396, 0.374860264401, -0.0346621062523, 0.252472231257, -0.699685908638, 0.713219684436, 0.0214999248749, -0.0359870006566, 1703846547981805086, 3.93362938564
0.394055513475, -0.0780756057364, 0.259604284155, -0.706960225771, 0.707253279131, -0.000161637533429, 0.000110499092396, 0.375657413128, -0.0429582751395, 0.252785946275, -0.699284946077, 0.713743384356, 0.0212517659038, -0.0334560595891, 1703846548082321882, 4.03362938564
0.402139720721, -0.083954575685, 0.259604284155, -0.706960225771, 0.707253279131, -0.000161637533429, 0.000110499092396, 0.377378632621, -0.0518309461389, 0.253482569429, -0.698900945811, 0.714312728912, 0.0194359443398, -0.0302826241819, 1703846548182378053, 4.13362938564
0.410770458259, -0.0889971012411, 0.259604284155, -0.706960225771, 0.707253279131, -0.000161637533429, 0.000110499092396, 0.379696261575, -0.0586093452081, 0.254025774059, -0.698795821973, 0.714631237436, 0.017240850666, -0.0262554135662, 1703846548282632112, 4.23362938564
0.419861490614, -0.0931527991564, 0.259604284155, -0.706960225771, 0.707253279131, -0.000161637533429, 0.000110499092396, 0.38377148018, -0.0666835584866, 0.254649847382, -0.698505929562, 0.715198355553, 0.0128498339391, -0.020387749975, 1703846548383580923, 4.33362938564
0.429321983195, -0.096380147071, 0.259604284155, -0.706960225771, 0.707253279131, -0.000161637533429, 0.000110499092396, 0.387645563727, -0.0715884755604, 0.254919256627, -0.698304723234, 0.715576715418, 0.00893498998138, -0.0155126984794, 1703846548484081983, 4.43362938564
0.439057409888, -0.0986468983912, 0.259604284155, -0.706960225771, 0.707253279131, -0.000161637533429, 0.000110499092396, 0.392609215096, -0.0764157914532, 0.254988301303, -0.698020862135, 0.715998882217, 0.00442494532894, -0.00963828548762, 1703846548585206031, 4.53362938564
0.448970497527, -0.0999304044872, 0.259604284155, -0.706960225771, 0.707253279131, -0.000161637533429, 0.000110499092396, 0.398555402198, -0.0804091012355, 0.254820804115, -0.697978151211, 0.716109873568, -0.000824234144495, -0.00353129561121, 1703846548685303926, 4.63362938564
0.458962197817, -0.10021784099, 0.259604284155, -0.706960225771, 0.707253279131, -0.000161637533429, 0.000110499092396, 0.406098387752, -0.0846407333585, 0.254733590662, -0.698072770397, 0.715976572276, -0.00752197485214, 0.003921106611, 1703846548785866022, 4.73362938564
0.468932676993, -0.0995063359301, 0.259604284155, -0.706960225771, 0.707253279131, -0.000161637533429, 0.000110499092396, 0.411693937816, -0.0870890568739, 0.254910007129, -0.697976081793, 0.715951460206, -0.0127491347327, 0.00896411948199, 1703846548886409997, 4.83362938564
0.478782313321, -0.0978029984298, 0.259604284155, -0.706960225771, 0.707253279131, -0.000161637533429, 0.000110499092396, 0.419400196667, -0.0896297705859, 0.255152103027, -0.697651268419, 0.716038857978, -0.0192775557404, 0.0141222301371, 1703846548986936092, 4.93362938564
0.488412692492, -0.0951248476748, 0.259604284155, -0.706960225771, 0.707253279131, -0.000161637533429, 0.000110499092396, 0.429724098422, -0.091774727822, 0.253906014976, -0.697301953945, 0.715993731644, -0.0274009712733, 0.0192911389877, 1703846549087471008, 5.03362938564
0.49772759094, -0.0914986428621, 0.259604284155, -0.706960225771, 0.707253279131, -0.000161637533429, 0.000110499092396, 0.437525986679, -0.0929551067751, 0.252759183864, -0.697238368453, 0.715691267878, -0.0334540667404, 0.0229236135669, 1703846549188013076, 5.13362938564
0.506633937279, -0.0869606158316, 0.259604284155, -0.706960225771, 0.707253279131, -0.000161637533429, 0.000110499092396, 0.446677573956, -0.0940411905606, 0.25195253182, -0.697290018193, 0.715220583523, -0.0394452182198, 0.0262720801051, 1703846549288036108, 5.23362938564
0.51504274224, -0.0815561090491, 0.259604284155, -0.706960225771, 0.707253279131, -0.000161637533429, 0.000110499092396, 0.454191443134, -0.0943947129745, 0.25211956669, -0.697385389583, 0.714791265116, -0.0435881377167, 0.028760041055, 1703846549388454914, 5.33362938564
0.522869987824, -0.0753391225602, 0.259604284155, -0.706960225771, 0.707253279131, -0.000161637533429, 0.000110499092396, 0.462293185323, -0.0939936896491, 0.252090905608, -0.697852723415, 0.71402076367, -0.0471535616364, 0.0308620656378, 1703846549489011049, 5.43362938564
0.530037466781, -0.0683717744386, 0.259604284155, -0.706960225771, 0.707253279131, -0.000161637533429, 0.000110499092396, 0.471161204179, -0.0921932483682, 0.252562806897, -0.699000416533, 0.712646863324, -0.0498670712372, 0.032344104368, 1703846549589545011, 5.53362938564
0.536473564029, -0.0607236801236, 0.259604284155, -0.706960225771, 0.707253279131, -0.000161637533429, 0.000110499092396, 0.4809615665, -0.0885397852315, 0.253017320742, -0.700470421625, 0.711003154536, -0.051601576195, 0.0339555592332, 1703846549690057039, 5.63362938564
0.542113972213, -0.0524712568457, 0.259604284155, -0.706960225771, 0.707253279131, -0.000161637533429, 0.000110499092396, 0.492526997193, -0.0822678645352, 0.253336929436, -0.70236861372, 0.708977282431, -0.0529452079347, 0.0350192577769, 1703846549790604114, 5.73362938564
0.546902334238, -0.0436969600902, 0.259604284155, -0.706960225771, 0.707253279131, -0.000161637533429, 0.000110499092396, 0.500043044796, -0.0766304605481, 0.253353103091, -0.703839442772, 0.707477519753, -0.053169926867, 0.035476142965, 1703846549891232013, 5.83362938564
0.550790806375, -0.03448845973, 0.259604284155, -0.706960225771, 0.707253279131, -0.000161637533429, 0.000110499092396, 0.50710130819, -0.0698837750951, 0.253557990971, -0.705543673023, 0.70575170501, -0.0527752932684, 0.0365708183209, 1703846549991527080, 5.93362938564
0.553740536294, -0.0249377640567, 0.259604284155, -0.706960225771, 0.707253279131, -0.000161637533429, 0.000110499092396, 0.514861024796, -0.0616604197035, 0.253646015504, 0.707381141661, -0.703892420913, 0.0524115923216, -0.0374219881207, 1703846550091953039, 6.03362938564
0.555722051269, -0.0151403004644, 0.259604284155, -0.706960225771, 0.707253279131, -0.000161637533429, 0.000110499092396, 0.519589996902, -0.0549844069579, 0.253366888725, 0.708284882754, -0.702997099552, 0.0519913855844, -0.037742531825, 1703846550192496061, 6.13362938564
0.556715552659, -0.00519396197084, 0.259604284155, -0.706960225771, 0.707253279131, -0.000161637533429, 0.000110499092396, 0.524532764236, -0.0463303247138, 0.253511613099, 0.709323124095, -0.701929622014, 0.0515249900426, -0.0387386985394, 1703846550293009042, 6.23362938564
0.556711113724, 0.00480187089768, 0.259604284155, -0.706960225771, 0.707253279131, -0.000161637533429, 0.000110499092396, 0.527697086131, -0.0386678260366, 0.253136524102, 0.709961728695, -0.701305466238, 0.0511048102262, -0.0389009663685, 1703846550393481969, 0.0504440784612
0.555708778819, 0.0147473230833, 0.259604284155, -0.706960225771, 0.707253279131, -0.000161637533429, 0.000110499092396, 0.5309727969, -0.0272050415126, 0.253217788327, 0.71109733603, -0.700133909039, 0.0509203758495, -0.0394994104859, 1703846550493863105, 0.150444078461
0.553718562941, 0.0245430229153, 0.259604284155, -0.706960225771, 0.707253279131, -0.000161637533429, 0.000110499092396, 0.531929335598, -0.0189509281377, 0.253507549167, 0.711737245289, -0.699449886166, 0.0511557666575, -0.0397874094362, 1703846550594393014, 0.250444078461
0.55076035167, 0.034091094999, 0.259604284155, -0.706960225771, 0.707253279131, -0.000161637533429, 0.000110499092396, 0.532393219029, -0.010086921234, 0.253816527145, 0.712209653336, -0.69893488772, 0.0513254088327, -0.0401638497992, 1703846550694942951, 0.350444078461
0.546863702475, 0.0432961381543, 0.259604284155, -0.706960225771, 0.707253279131, -0.000161637533429, 0.000110499092396, 0.532528205802, -0.00114151353326, 0.25387343703, 0.712771591885, -0.698353076914, 0.0510561070127, -0.0406560168025, 1703846550795051097, 0.450444078461
0.542067549387, 0.0520661786328, 0.259604284155, -0.706960225771, 0.707253279131, -0.000161637533429, 0.000110499092396, 0.53245840986, 0.00776501830689, 0.253838169277, 0.713120991819, -0.698000757915, 0.050356283779, -0.0414443924037, 1703846550895576953, 0.550444078461
0.536419813981, 0.060313589089, 0.259604284155, -0.706960225771, 0.707253279131, -0.000161637533429, 0.000110499092396, 0.532151818614, 0.0186445415405, 0.253750535556, 0.713643800328, -0.697476681258, 0.049454679038, -0.0423443039496, 1703846550996083974, 0.650444078461
0.529976926565, 0.0679559641238, 0.259604284155, -0.706960225771, 0.707253279131, -0.000161637533429, 0.000110499092396, 0.531664504508, 0.0271666918721, 0.253613292469, 0.714080622656, -0.697052996786, 0.0485872908165, -0.0429564801865, 1703846551096636056, 0.750444078461
0.522803262337, 0.0749169436522, 0.259604284155, -0.706960225771, 0.707253279131, -0.000161637533429, 0.000110499092396, 0.530916647635, 0.0346758491266, 0.253387534051, 0.71438211728, -0.696792328239, 0.047809376151, -0.0430453873228, 1703846551197230100, 0.850444078461
0.514970498181, 0.0811269758677, 0.259604284155, -0.706960225771, 0.707253279131, -0.000161637533429, 0.000110499092396, 0.529540808952, 0.0435688208856, 0.252898130663, 0.714852810706, -0.696413388297, 0.0466279165066, -0.0426578132174, 1703846551297386884, 0.950444078461
0.506556896487, 0.0865240121812, 0.259604284155, -0.706960225771, 0.707253279131, -0.000161637533429, 0.000110499092396, 0.526732392052, 0.0548926690769, 0.251757966282, 0.71548896269, -0.696005106388, 0.0438677981934, -0.0415698500512, 1703846551397901058, 1.05044407846
0.497646523181, 0.0910541271898, 0.259604284155, -0.706960225771, 0.707253279131, -0.000161637533429, 0.000110499092396, 0.525075683907, 0.0598454667448, 0.251012509434, 0.715749078094, -0.69588533046, 0.0422652885579, -0.0407493489645, 1703846551498291969, 1.15044407846
0.488328407769, 0.0946720574818, 0.259604284155, -0.706960225771, 0.707253279131, -0.000161637533429, 0.000110499092396, 0.520404378508, 0.0686219198184, 0.249220924816, 0.716272930908, -0.695786460542, 0.0383116683505, -0.0369662798012, 1703846551598817110, 1.25044407846
